16,9,799.95,751.40,76.49,127.60,1,-1,-1,-1
17,9,797.61,747.79,78.28,131.21,1,-1,-1,-1
18,9,795.59,745.22,79.28,133.78,1,-1,-1,-1
19,9,792.66,741.61,80.64,137.39,1,-1,-1,-1
20,9,792.15,741.10,80.16,137.90,1,-1,-1,-1
21,9,790.11,740.35,79.74,138.65,1,-1,-1,-1
22,9,788.19,739.49,79.33,139.51,1,-1,-1,-1
23,9,785.48,737.92,79.26,141.08,1,-1,-1,-1
24,9,783.18,736.06,79.28,142.94,1,-1,-1,-1
25,9,780.02,733.45,79.37,144.89,1,-1,-1,-1
26,9,778.24,731.21,78.71,145.57,1,-1,-1,-1
27,9,776.75,730.42,76.96,144.44,1,-1,-1,-1
28,9,774.45,728.22,75.94,144.60,1,-1,-1,-1
29,9,772.57,725.48,75.10,144.61,1,-1,-1,-1
30,9,770.47,723.19,75.06,145.89,1,-1,-1,-1
31,9,768.09,721.23,75.62,146.97,1,-1,-1,-1
32,11,1108.34,569.56,59.78,116.42,1,-1,-1,-1
33,11,1107.43,570.05,59.61,115.91,1,-1,-1,-1
34,11,1107.10,569.42,59.65,115.79,1,-1,-1,-1
35,9,762.63,714.85,75.19,148.31,1,-1,-1,-1
35,11,1106.25,569.91,59.77,115.79,1,-1,-1,-1
36,9,762.01,713.70,74.27,148.35,1,-1,-1,-1
36,11,1105.92,570.06,60.63,117.22,1,-1,-1,-1
37,9,760.44,710.65,74.70,151.02,1,-1,-1,-1
37,11,1104.93,570.10,61.34,118.42,1,-1,-1,-1
38,9,758.47,708.75,75.16,151.96,1,-1,-1,-1
38,11,1104.45,570.34,61.43,118.59,1,-1,-1,-1
39,11,1104.48,570.11,61.72,118.95,1,-1,-1,-1
40,11,1104.40,570.09,61.87,119.04,1,-1,-1,-1
41,11,1103.31,570.08,62.07,119.07,1,-1,-1,-1
42,11,1102.87,570.20,62.15,119.23,1,-1,-1,-1
43,11,1102.25,570.07,62.52,119.87,1,-1,-1,-1
44,11,1102.50,570.05,62.43,119.35,1,-1,-1,-1
45,9,747.16,689.32,73.67,154.23,1,-1,-1,-1
45,11,1102.13,570.14,62.50,119.48,1,-1,-1,-1
46,9,746.38,686.99,72.11,154.95,1,-1,-1,-1
47,9,744.52,684.62,72.40,155.57,1,-1,-1,-1
52,9,737.26,672.06,68.57,149.69,1,-1,-1,-1
53,9,736.25,669.19,67.37,149.16,1,-1,-1,-1
54,9,734.55,666.71,67.28,148.98,1,-1,-1,-1
77,9,704.44,613.98,62.04,140.02,1,-1,-1,-1
78,9,701.85,610.50,61.52,139.89,1,-1,-1,-1
79,9,701.41,608.03,61.22,140.52,1,-1,-1,-1
80,9,700.02,605.61,61.12,140.28,1,-1,-1,-1
92,9,686.32,581.91,59.27,139.96,1,-1,-1,-1
93,9,685.07,579.84,59.24,139.88,1,-1,-1,-1
98,9,679.50,571.83,57.98,139.03,1,-1,-1,-1
99,9,678.38,569.99,57.39,139.67,1,-1,-1,-1
100,9,677.11,568.12,57.37,139.63,1,-1,-1,-1
100,29,571.57,185.97,51.86,103.79,1,-1,-1,-1
101,9,676.30,566.05,55.62,136.00,1,-1,-1,-1
101,29,571.45,185.60,52.11,104.30,1,-1,-1,-1
102,9,675.39,564.74,55.09,135.18,1,-1,-1,-1
103,9,674.18,562.91,54.90,134.72,1,-1,-1,-1
105,29,573.02,177.25,51.86,104.08,1,-1,-1,-1
106,29,573.19,175.85,51.94,104.25,1,-1,-1,-1
126,29,578.03,155.95,50.93,101.04,1,-1,-1,-1
127,29,578.29,154.93,50.86,100.90,1,-1,-1,-1
128,29,577.78,153.98,51.60,101.76,1,-1,-1,-1
129,29,577.97,152.97,51.58,101.72,1,-1,-1,-1
130,29,577.64,151.20,51.11,100.35,1,-1,-1,-1
131,29,578.08,150.03,50.70,99.36,1,-1,-1,-1
132,29,578.26,148.92,50.56,99.07,1,-1,-1,-1
141,32,11.56,787.64,85.66,91.36,1,-1,-1,-1
142,32,11.99,785.29,87.34,93.71,1,-1,-1,-1
143,32,12.20,782.42,89.18,96.58,1,-1,-1,-1
144,32,11.98,780.36,91.09,98.64,1,-1,-1,-1
153,29,577.39,134.95,50.27,97.97,1,-1,-1,-1
154,29,577.05,134.77,50.20,97.97,1,-1,-1,-1
155,29,577.49,134.05,49.73,97.31,1,-1,-1,-1
156,29,577.68,133.14,49.51,97.06,1,-1,-1,-1
157,29,577.90,131.49,49.81,97.64,1,-1,-1,-1
158,29,577.93,130.69,49.78,97.59,1,-1,-1,-1
159,29,578.46,130.76,49.80,97.90,1,-1,-1,-1
159,39,896.24,628.98,67.72,142.22,1,-1,-1,-1
160,29,578.54,130.07,49.79,97.89,1,-1,-1,-1
160,39,895.22,628.19,67.96,142.74,1,-1,-1,-1
161,39,894.12,626.47,68.14,142.92,1,-1,-1,-1
162,39,894.06,625.92,67.63,141.56,1,-1,-1,-1
163,39,893.96,623.65,67.68,141.08,1,-1,-1,-1
164,39,892.94,620.12,67.64,140.23,1,-1,-1,-1
165,29,577.74,126.97,49.70,97.99,1,-1,-1,-1
165,39,891.25,617.52,68.25,140.63,1,-1,-1,-1
166,29,577.45,126.10,49.44,98.00,1,-1,-1,-1
166,39,889.78,616.64,68.88,140.79,1,-1,-1,-1
167,29,576.62,125.14,49.51,98.66,1,-1,-1,-1
167,39,888.13,615.71,69.38,140.86,1,-1,-1,-1
168,29,576.37,123.49,49.41,98.91,1,-1,-1,-1
168,39,887.32,614.26,69.29,140.68,1,-1,-1,-1
169,29,576.18,122.67,49.46,99.01,1,-1,-1,-1
170,29,577.08,121.97,49.28,99.02,1,-1,-1,-1
171,29,577.74,121.05,48.98,98.36,1,-1,-1,-1
171,39,884.48,611.78,70.01,140.01,1,-1,-1,-1
172,29,577.74,120.24,48.98,98.36,1,-1,-1,-1
172,39,883.69,610.53,69.92,139.82,1,-1,-1,-1
173,29,578.17,120.65,48.54,97.30,1,-1,-1,-1
174,29,578.38,119.99,48.21,96.38,1,-1,-1,-1
175,29,578.46,119.31,48.11,96.19,1,-1,-1,-1
176,39,877.73,605.96,70.91,139.00,1,-1,-1,-1
177,29,578.57,117.99,48.72,97.67,1,-1,-1,-1
177,39,876.75,604.75,70.81,138.81,1,-1,-1,-1
177,43,483.14,747.86,68.16,131.14,1,-1,-1,-1
178,29,578.64,116.42,48.73,97.89,1,-1,-1,-1
178,43,482.60,746.76,68.71,132.24,1,-1,-1,-1
179,29,578.69,115.65,48.74,97.91,1,-1,-1,-1
179,43,481.83,745.19,69.53,133.81,1,-1,-1,-1
180,43,480.99,741.40,70.94,136.75,1,-1,-1,-1
181,43,478.51,738.40,72.25,139.59,1,-1,-1,-1
182,43,476.36,736.06,73.28,141.88,1,-1,-1,-1
183,43,475.58,733.94,73.68,143.32,1,-1,-1,-1
184,43,474.70,730.57,73.73,144.44,1,-1,-1,-1
185,43,473.31,724.75,74.59,147.43,1,-1,-1,-1
186,43,471.93,721.98,74.70,149.15,1,-1,-1,-1
187,43,471.16,718.41,74.65,150.39,1,-1,-1,-1
188,43,469.74,715.18,74.32,151.44,1,-1,-1,-1
189,43,469.39,712.74,73.21,150.46,1,-1,-1,-1
190,43,468.11,709.87,73.94,151.96,1,-1,-1,-1
194,43,463.87,699.85,71.62,148.93,1,-1,-1,-1
195,43,462.63,697.10,71.95,149.63,1,-1,-1,-1
196,43,460.60,691.68,70.63,148.47,1,-1,-1,-1
197,43,460.96,688.21,69.92,148.31,1,-1,-1,-1
198,43,461.14,685.71,69.58,148.25,1,-1,-1,-1
199,43,460.77,684.89,68.44,146.89,1,-1,-1,-1
200,43,461.22,683.37,68.24,147.02,1,-1,-1,-1
201,43,460.69,681.58,68.28,147.73,1,-1,-1,-1
202,43,460.35,679.68,68.00,147.33,1,-1,-1,-1
203,43,459.48,677.74,68.10,147.83,1,-1,-1,-1
204,43,459.62,674.46,68.58,149.33,1,-1,-1,-1
205,43,458.91,671.97,68.74,149.68,1,-1,-1,-1
207,43,455.18,663.63,66.91,145.85,1,-1,-1,-1
207,47,980.63,761.87,79.36,117.13,1,-1,-1,-1
208,43,453.94,659.56,67.21,146.61,1,-1,-1,-1
208,47,977.46,757.81,81.86,121.19,1,-1,-1,-1
209,43,453.52,657.53,67.33,147.53,1,-1,-1,-1
209,47,975.02,755.10,83.39,123.90,1,-1,-1,-1
210,43,453.60,655.55,66.96,147.21,1,-1,-1,-1
210,47,973.78,753.57,84.09,125.43,1,-1,-1,-1
211,43,452.25,654.25,66.35,146.43,1,-1,-1,-1
211,47,972.44,751.77,84.88,127.23,1,-1,-1,-1
212,43,451.71,652.55,66.25,146.79,1,-1,-1,-1
212,47,972.34,750.53,85.17,128.47,1,-1,-1,-1
213,43,451.20,652.00,65.57,145.61,1,-1,-1,-1
213,47,971.32,748.82,85.33,129.51,1,-1,-1,-1
214,43,450.54,650.57,64.99,144.50,1,-1,-1,-1
214,47,970.85,747.60,85.65,131.14,1,-1,-1,-1
215,43,449.97,648.13,64.82,144.09,1,-1,-1,-1
215,47,970.11,745.90,85.65,132.34,1,-1,-1,-1
216,43,449.37,645.31,64.94,144.60,1,-1,-1,-1
216,47,969.64,744.01,84.77,132.07,1,-1,-1,-1
217,43,448.70,641.69,65.27,145.47,1,-1,-1,-1
217,47,968.98,741.38,84.81,133.21,1,-1,-1,-1
218,43,448.34,638.43,65.02,145.14,1,-1,-1,-1
218,47,968.61,739.14,85.13,134.90,1,-1,-1,-1
219,43,448.54,635.31,64.97,145.02,1,-1,-1,-1
219,47,966.51,735.74,85.96,137.46,1,-1,-1,-1
220,43,447.91,632.71,64.93,144.93,1,-1,-1,-1
220,47,965.13,733.58,86.98,139.09,1,-1,-1,-1
221,51,287.82,111.00,46.35,98.78,1,-1,-1,-1
222,43,448.61,630.47,64.18,143.27,1,-1,-1,-1
222,51,287.77,110.24,46.45,99.02,1,-1,-1,-1
223,43,449.25,629.43,63.69,142.32,1,-1,-1,-1
223,51,287.71,109.98,46.59,99.32,1,-1,-1,-1
224,43,450.03,627.75,63.74,142.67,1,-1,-1,-1
224,51,287.77,110.81,46.46,99.09,1,-1,-1,-1
225,43,450.89,625.22,63.96,143.47,1,-1,-1,-1
225,51,287.79,109.51,46.43,99.08,1,-1,-1,-1
226,43,452.02,623.02,63.77,143.78,1,-1,-1,-1
226,51,288.64,109.07,46.10,98.38,1,-1,-1,-1
227,43,453.58,620.29,63.43,143.90,1,-1,-1,-1
227,51,289.09,108.25,45.70,97.44,1,-1,-1,-1
228,43,455.74,617.36,63.45,144.61,1,-1,-1,-1
228,51,289.26,107.87,45.63,97.29,1,-1,-1,-1
229,43,457.38,615.02,63.11,144.88,1,-1,-1,-1
229,51,290.07,107.90,45.55,97.03,1,-1,-1,-1
230,43,458.27,612.24,63.09,145.64,1,-1,-1,-1
230,51,290.33,107.57,45.47,96.86,1,-1,-1,-1
231,43,458.92,610.62,62.41,144.60,1,-1,-1,-1
232,43,460.40,608.78,62.27,144.87,1,-1,-1,-1
233,43,461.75,608.17,61.26,142.99,1,-1,-1,-1
233,54,854.85,534.77,59.55,136.98,1,-1,-1,-1
234,43,463.24,606.70,60.87,142.27,1,-1,-1,-1
234,54,854.78,533.45,59.52,136.95,1,-1,-1,-1
235,43,464.19,605.57,60.54,141.35,1,-1,-1,-1
235,54,854.79,533.08,59.46,136.82,1,-1,-1,-1
235,55,165.46,232.78,49.87,107.42,1,-1,-1,-1
236,43,464.54,603.89,61.04,142.34,1,-1,-1,-1
236,54,852.99,531.25,58.74,135.24,1,-1,-1,-1
236,55,166.49,231.48,50.40,108.45,1,-1,-1,-1
237,43,464.87,601.35,60.78,141.40,1,-1,-1,-1
237,54,851.48,529.43,58.79,135.66,1,-1,-1,-1
237,55,167.16,230.32,50.58,108.81,1,-1,-1,-1
238,43,465.83,598.47,60.28,139.72,1,-1,-1,-1
238,54,852.07,528.16,58.05,133.73,1,-1,-1,-1
238,55,167.24,228.52,50.87,109.65,1,-1,-1,-1
238,56,2.06,591.22,28.68,138.97,1,-1,-1,-1
239,43,466.58,596.43,60.10,139.31,1,-1,-1,-1
239,54,852.67,527.74,57.77,133.05,1,-1,-1,-1
239,55,167.76,227.71,50.95,109.83,1,-1,-1,-1
239,56,2.60,590.97,28.64,138.14,1,-1,-1,-1
240,54,852.42,526.86,57.52,132.46,1,-1,-1,-1
240,56,2.99,588.69,28.17,134.93,1,-1,-1,-1
241,56,3.35,586.50,28.21,133.90,1,-1,-1,-1
242,55,168.19,222.28,50.87,110.03,1,-1,-1,-1
242,56,3.88,583.68,28.82,135.03,1,-1,-1,-1
243,55,168.74,221.73,50.52,109.35,1,-1,-1,-1
243,56,4.38,582.17,28.66,134.28,1,-1,-1,-1
244,54,853.51,521.17,57.58,132.79,1,-1,-1,-1
244,55,169.48,221.55,50.65,109.80,1,-1,-1,-1
245,54,852.78,520.02,57.17,132.15,1,-1,-1,-1
245,55,169.90,220.55,50.69,109.88,1,-1,-1,-1
246,54,852.86,519.64,57.07,131.94,1,-1,-1,-1
247,54,853.05,518.20,57.37,132.53,1,-1,-1,-1
248,43,481.69,574.12,59.09,137.93,1,-1,-1,-1
248,54,852.99,517.13,57.28,132.31,1,-1,-1,-1
249,43,483.63,572.63,58.45,136.52,1,-1,-1,-1
250,43,485.02,570.38,58.29,136.17,1,-1,-1,-1
250,54,852.61,515.84,56.92,131.13,1,-1,-1,-1
251,54,852.53,514.86,56.79,130.83,1,-1,-1,-1
253,54,852.10,511.27,56.83,130.89,1,-1,-1,-1
254,54,852.00,510.12,56.73,130.66,1,-1,-1,-1
259,56,14.30,559.99,35.31,136.90,1,-1,-1,-1
260,56,12.58,558.86,39.99,137.65,1,-1,-1,-1
260,60,882.79,746.42,67.86,132.58,1,-1,-1,-1
261,56,13.33,557.49,40.02,137.78,1,-1,-1,-1
261,60,880.78,745.10,68.33,133.14,1,-1,-1,-1
262,60,878.61,744.00,69.36,134.73,1,-1,-1,-1
263,60,875.87,741.55,70.24,135.94,1,-1,-1,-1
264,56,12.68,555.69,43.91,136.25,1,-1,-1,-1
264,60,873.38,738.66,71.64,138.39,1,-1,-1,-1
265,56,11.06,555.55,47.37,136.06,1,-1,-1,-1
265,60,871.59,736.97,72.33,139.74,1,-1,-1,-1
266,56,11.69,554.50,47.35,135.99,1,-1,-1,-1
271,62,609.62,748.21,67.97,130.79,1,-1,-1,-1
272,62,609.23,745.65,69.24,133.35,1,-1,-1,-1
273,62,609.35,743.39,69.89,134.88,1,-1,-1,-1
274,62,607.87,739.85,71.05,137.47,1,-1,-1,-1
275,62,606.79,737.28,71.89,139.71,1,-1,-1,-1
276,62,605.89,733.03,73.22,143.17,1,-1,-1,-1
277,62,604.67,729.54,74.17,146.39,1,-1,-1,-1
278,62,603.80,726.96,75.27,148.56,1,-1,-1,-1
279,62,603.40,724.87,74.47,148.60,1,-1,-1,-1
280,62,604.27,724.14,72.99,146.78,1,-1,-1,-1
281,62,603.58,721.84,73.72,148.26,1,-1,-1,-1
283,62,602.68,717.88,73.74,149.35,1,-1,-1,-1
284,62,603.02,715.89,73.46,149.52,1,-1,-1,-1
285,62,602.99,712.57,72.99,148.91,1,-1,-1,-1
286,62,602.87,708.10,73.06,149.96,1,-1,-1,-1
287,62,603.75,705.18,71.91,148.35,1,-1,-1,-1
288,62,603.91,701.53,71.18,147.69,1,-1,-1,-1
289,62,603.12,697.61,71.30,149.40,1,-1,-1,-1
290,62,601.99,695.57,71.05,150.03,1,-1,-1,-1
291,62,601.58,693.59,70.93,150.90,1,-1,-1,-1
292,62,601.21,690.97,70.69,151.20,1,-1,-1,-1
293,62,600.59,689.42,70.94,151.95,1,-1,-1,-1
294,62,600.25,688.27,70.61,151.55,1,-1,-1,-1
295,62,599.27,687.27,70.23,150.71,1,-1,-1,-1
296,62,599.34,685.67,69.92,149.71,1,-1,-1,-1
297,62,598.28,683.17,69.34,148.00,1,-1,-1,-1
298,62,598.32,680.98,68.95,147.34,1,-1,-1,-1
299,62,597.74,676.93,69.39,148.43,1,-1,-1,-1
300,62,597.25,673.51,68.79,147.51,1,-1,-1,-1
301,62,596.73,669.67,69.28,149.15,1,-1,-1,-1
302,62,595.88,667.00,69.50,149.76,1,-1,-1,-1
303,62,595.31,664.32,69.59,149.97,1,-1,-1,-1
304,62,594.69,663.48,69.67,149.26,1,-1,-1,-1
305,62,593.55,661.67,70.22,149.80,1,-1,-1,-1
306,62,593.06,660.41,69.95,148.66,1,-1,-1,-1
307,62,592.48,658.12,69.96,148.67,1,-1,-1,-1
309,62,593.25,653.93,68.13,143.88,1,-1,-1,-1
309,66,526.45,458.19,56.14,127.24,1,-1,-1,-1
310,62,592.89,651.68,67.91,143.41,1,-1,-1,-1
310,66,527.69,457.12,56.05,127.02,1,-1,-1,-1
311,62,590.63,647.49,68.51,144.58,1,-1,-1,-1
311,66,529.35,456.08,55.67,126.22,1,-1,-1,-1
312,62,590.25,645.01,69.01,145.45,1,-1,-1,-1
312,66,530.27,455.20,55.52,125.88,1,-1,-1,-1
313,62,589.83,642.19,69.13,145.76,1,-1,-1,-1
313,66,530.92,450.70,55.28,125.09,1,-1,-1,-1
314,62,588.77,640.56,69.68,147.20,1,-1,-1,-1
314,66,531.79,449.13,55.09,124.66,1,-1,-1,-1
315,62,587.37,639.37,69.31,146.43,1,-1,-1,-1
316,62,587.66,639.68,68.89,145.47,1,-1,-1,-1
316,66,530.24,444.24,55.33,124.86,1,-1,-1,-1
317,62,586.99,637.24,69.02,145.78,1,-1,-1,-1
317,66,530.04,442.83,56.10,126.26,1,-1,-1,-1
318,62,585.71,634.41,68.53,144.57,1,-1,-1,-1
318,66,530.40,441.07,56.07,126.20,1,-1,-1,-1
319,62,584.15,632.10,68.56,144.79,1,-1,-1,-1
320,62,582.32,629.98,68.47,144.21,1,-1,-1,-1
321,62,581.84,628.61,68.06,143.34,1,-1,-1,-1
322,62,582.11,626.85,67.75,142.36,1,-1,-1,-1
323,62,582.59,624.94,67.62,142.00,1,-1,-1,-1
324,62,582.51,622.31,68.14,143.20,1,-1,-1,-1
324,66,528.42,429.08,56.57,127.89,1,-1,-1,-1
325,62,581.73,619.42,69.21,145.65,1,-1,-1,-1
325,66,529.02,427.06,55.79,125.93,1,-1,-1,-1
325,75,336.02,745.44,59.70,133.56,1,-1,-1,-1
326,62,581.47,617.74,68.94,145.26,1,-1,-1,-1
326,66,529.31,425.05,55.34,125.28,1,-1,-1,-1
326,75,334.76,742.68,60.89,136.32,1,-1,-1,-1
327,62,581.56,616.53,69.15,145.77,1,-1,-1,-1
327,66,530.25,423.71,54.85,124.38,1,-1,-1,-1
327,75,334.07,740.35,61.83,138.65,1,-1,-1,-1
328,62,580.99,615.49,68.51,143.98,1,-1,-1,-1
328,66,530.49,422.62,54.87,124.71,1,-1,-1,-1
328,75,332.67,738.92,62.40,140.08,1,-1,-1,-1
329,62,580.61,614.52,67.30,140.64,1,-1,-1,-1
329,66,530.76,421.62,55.18,125.51,1,-1,-1,-1
329,75,331.53,738.48,62.51,140.52,1,-1,-1,-1
330,62,580.18,612.71,67.08,140.19,1,-1,-1,-1
330,66,531.12,420.64,54.78,124.49,1,-1,-1,-1
330,75,330.91,737.03,63.02,141.97,1,-1,-1,-1
331,66,531.47,420.34,54.16,122.78,1,-1,-1,-1
331,75,331.00,735.89,63.29,143.11,1,-1,-1,-1
331,78,735.73,620.87,60.69,128.33,1,-1,-1,-1
332,66,531.44,419.63,54.25,122.81,1,-1,-1,-1
332,75,331.14,734.18,63.21,143.49,1,-1,-1,-1
332,78,734.92,619.57,61.06,129.12,1,-1,-1,-1
333,62,577.23,601.69,67.79,141.65,1,-1,-1,-1
333,66,532.31,418.09,53.83,121.51,1,-1,-1,-1
333,75,330.53,732.78,63.75,144.70,1,-1,-1,-1
334,62,576.64,599.34,67.70,141.47,1,-1,-1,-1
334,66,532.88,416.24,53.86,121.03,1,-1,-1,-1
335,66,532.57,414.93,53.55,120.20,1,-1,-1,-1
336,66,532.59,411.84,53.83,120.58,1,-1,-1,-1
337,62,572.55,592.92,69.26,144.55,1,-1,-1,-1
337,66,532.69,409.41,53.74,120.07,1,-1,-1,-1
338,62,571.79,592.24,69.37,144.91,1,-1,-1,-1
338,66,532.39,407.90,53.69,119.89,1,-1,-1,-1
339,62,571.15,590.70,69.50,145.03,1,-1,-1,-1
339,66,532.57,406.22,53.53,119.53,1,-1,-1,-1
339,83,271.33,739.19,60.33,136.02,1,-1,-1,-1
340,62,570.37,588.63,69.58,145.20,1,-1,-1,-1
340,66,532.21,405.68,52.97,118.25,1,-1,-1,-1
340,78,719.59,609.00,62.09,131.06,1,-1,-1,-1
340,83,271.20,738.50,60.41,136.20,1,-1,-1,-1
341,66,531.34,404.72,53.10,118.61,1,-1,-1,-1
341,78,715.44,606.49,62.22,131.13,1,-1,-1,-1
341,85,385.27,427.21,50.68,122.79,1,-1,-1,-1
342,66,530.91,403.74,52.73,117.42,1,-1,-1,-1
342,78,712.30,604.35,61.84,130.48,1,-1,-1,-1
342,85,384.97,424.65,51.03,123.83,1,-1,-1,-1
343,62,567.92,582.05,66.62,139.78,1,-1,-1,-1
343,66,530.96,402.10,52.84,117.65,1,-1,-1,-1
343,78,709.50,601.60,62.47,132.23,1,-1,-1,-1
343,85,385.27,423.12,51.10,124.14,1,-1,-1,-1
344,62,567.51,579.98,65.87,138.42,1,-1,-1,-1
344,66,530.19,400.22,53.14,118.42,1,-1,-1,-1
344,78,707.88,599.31,62.66,133.54,1,-1,-1,-1
344,85,384.77,424.09,50.21,122.07,1,-1,-1,-1
344,86,15.28,224.00,46.58,93.22,1,-1,-1,-1
345,62,565.26,577.29,65.84,138.65,1,-1,-1,-1
345,66,530.20,397.58,53.33,118.72,1,-1,-1,-1
345,78,705.64,597.85,62.86,134.68,1,-1,-1,-1
345,85,384.62,423.79,49.85,121.31,1,-1,-1,-1
345,86,16.10,224.00,46.42,92.90,1,-1,-1,-1
346,62,564.10,575.04,65.88,138.75,1,-1,-1,-1
346,66,529.65,395.32,53.85,120.16,1,-1,-1,-1
346,75,324.34,710.09,66.34,153.14,1,-1,-1,-1
346,78,704.28,597.36,62.13,133.77,1,-1,-1,-1
346,85,385.03,423.03,49.50,120.36,1,-1,-1,-1
346,86,15.70,224.88,46.84,93.83,1,-1,-1,-1
347,62,563.13,572.87,65.72,138.40,1,-1,-1,-1
347,66,529.52,391.89,54.57,122.03,1,-1,-1,-1
347,75,324.61,709.52,65.57,153.27,1,-1,-1,-1
347,78,703.53,597.25,61.16,132.08,1,-1,-1,-1
347,85,385.30,422.10,49.16,119.33,1,-1,-1,-1
347,86,16.47,225.03,46.85,93.96,1,-1,-1,-1
348,66,529.12,389.35,54.89,122.73,1,-1,-1,-1
348,75,324.11,707.95,65.87,153.98,1,-1,-1,-1
348,78,701.58,595.84,61.25,132.26,1,-1,-1,-1
348,85,384.70,420.43,49.08,118.97,1,-1,-1,-1
348,86,17.01,225.25,46.87,94.00,1,-1,-1,-1
349,66,529.23,389.10,54.50,121.68,1,-1,-1,-1
349,85,384.59,419.56,48.91,118.57,1,-1,-1,-1
350,66,529.38,389.09,54.15,120.61,1,-1,-1,-1
351,66,529.95,387.83,53.66,118.87,1,-1,-1,-1
351,85,385.03,416.25,48.70,117.97,1,-1,-1,-1
352,66,530.75,386.76,53.63,118.23,1,-1,-1,-1
352,85,384.57,414.37,49.02,118.56,1,-1,-1,-1
353,66,530.57,385.09,53.92,118.65,1,-1,-1,-1
353,85,384.11,413.07,49.09,118.77,1,-1,-1,-1
354,62,559.12,560.86,64.51,133.13,1,-1,-1,-1
354,66,530.73,383.85,54.25,119.48,1,-1,-1,-1
354,78,690.61,586.07,58.86,127.35,1,-1,-1,-1
354,85,383.98,411.89,49.00,118.56,1,-1,-1,-1
355,62,556.17,557.58,65.89,134.27,1,-1,-1,-1
355,66,531.21,382.12,54.19,119.14,1,-1,-1,-1
355,78,688.30,584.16,58.74,127.01,1,-1,-1,-1
356,62,554.36,554.51,67.36,135.95,1,-1,-1,-1
356,66,531.08,380.21,54.12,119.02,1,-1,-1,-1
356,78,686.61,581.53,59.23,128.23,1,-1,-1,-1
356,85,384.20,410.78,48.50,117.17,1,-1,-1,-1
357,62,553.05,550.80,68.60,137.91,1,-1,-1,-1
357,66,531.56,377.56,54.34,119.63,1,-1,-1,-1
357,78,684.70,579.85,59.16,128.09,1,-1,-1,-1
357,85,383.93,410.61,48.34,116.27,1,-1,-1,-1
358,62,551.86,549.47,69.20,138.65,1,-1,-1,-1
358,66,531.88,375.30,54.15,119.21,1,-1,-1,-1
358,85,383.84,409.66,48.18,115.89,1,-1,-1,-1
359,62,551.01,548.40,69.64,138.93,1,-1,-1,-1
359,66,531.31,374.51,53.46,117.73,1,-1,-1,-1
359,85,383.84,409.72,47.44,113.54,1,-1,-1,-1
360,62,550.52,548.08,69.57,138.37,1,-1,-1,-1
360,66,531.09,373.62,53.19,117.17,1,-1,-1,-1
360,85,383.78,408.88,47.19,112.95,1,-1,-1,-1
361,62,549.52,546.06,69.91,138.82,1,-1,-1,-1
361,66,529.93,372.02,53.26,117.63,1,-1,-1,-1
361,85,383.02,406.42,48.05,114.46,1,-1,-1,-1
362,62,548.90,544.71,69.93,138.32,1,-1,-1,-1
362,66,529.01,371.48,52.95,117.15,1,-1,-1,-1
362,85,382.54,404.45,48.82,116.06,1,-1,-1,-1
363,62,548.05,542.85,69.96,138.38,1,-1,-1,-1
363,66,528.69,370.67,52.78,116.98,1,-1,-1,-1
363,85,382.50,401.79,49.50,117.96,1,-1,-1,-1
364,66,528.09,368.44,53.03,117.59,1,-1,-1,-1
364,85,382.52,399.51,49.70,118.67,1,-1,-1,-1
365,66,527.60,366.99,53.02,117.82,1,-1,-1,-1
365,85,382.44,397.38,49.96,119.60,1,-1,-1,-1
366,66,527.30,364.52,52.61,117.25,1,-1,-1,-1
366,85,382.99,395.97,50.22,120.60,1,-1,-1,-1
367,66,527.01,362.32,52.82,117.70,1,-1,-1,-1
367,85,382.59,394.83,50.23,120.97,1,-1,-1,-1
368,66,527.01,360.89,52.04,115.90,1,-1,-1,-1
368,85,383.13,393.79,50.16,121.10,1,-1,-1,-1
369,66,527.46,358.42,52.22,115.88,1,-1,-1,-1
369,85,382.83,393.45,49.83,120.48,1,-1,-1,-1
370,62,542.30,526.17,69.42,137.08,1,-1,-1,-1
370,66,526.92,356.24,52.38,115.88,1,-1,-1,-1
370,85,382.42,392.72,48.97,118.25,1,-1,-1,-1
371,62,542.01,524.70,69.47,137.00,1,-1,-1,-1
371,66,527.10,354.82,52.38,115.23,1,-1,-1,-1
371,85,382.26,391.83,48.67,117.40,1,-1,-1,-1
372,62,542.42,522.87,69.12,136.31,1,-1,-1,-1
372,66,526.95,353.09,52.26,114.97,1,-1,-1,-1
372,85,382.02,390.22,48.26,116.42,1,-1,-1,-1
373,62,541.77,520.82,69.05,136.17,1,-1,-1,-1
373,85,382.11,388.33,48.43,116.73,1,-1,-1,-1
374,62,539.64,519.73,68.65,135.22,1,-1,-1,-1
374,66,527.55,351.64,51.65,113.22,1,-1,-1,-1
374,85,381.20,386.35,48.39,116.19,1,-1,-1,-1
375,62,538.12,516.57,68.46,135.00,1,-1,-1,-1
375,66,527.31,350.04,52.21,114.33,1,-1,-1,-1
375,85,381.02,384.96,48.30,115.97,1,-1,-1,-1
376,62,536.03,513.50,68.21,134.26,1,-1,-1,-1
376,66,527.60,348.83,52.32,114.70,1,-1,-1,-1
376,85,381.06,382.34,48.64,116.73,1,-1,-1,-1
377,62,535.02,511.30,68.07,133.97,1,-1,-1,-1
377,66,527.85,347.11,52.09,114.18,1,-1,-1,-1
377,85,380.48,381.62,48.49,116.20,1,-1,-1,-1
378,66,527.44,345.20,52.36,114.66,1,-1,-1,-1
378,85,380.38,380.73,48.24,115.35,1,-1,-1,-1
379,66,527.27,342.55,52.49,114.84,1,-1,-1,-1
379,85,380.19,379.36,48.14,115.11,1,-1,-1,-1
380,66,526.41,338.97,52.83,115.58,1,-1,-1,-1
381,66,525.93,337.69,52.60,115.20,1,-1,-1,-1
381,85,380.31,379.48,48.18,114.95,1,-1,-1,-1
382,66,525.64,336.61,52.74,115.72,1,-1,-1,-1
382,85,380.68,379.50,48.14,114.92,1,-1,-1,-1
383,66,525.45,334.87,52.75,115.74,1,-1,-1,-1
383,85,381.10,378.84,48.23,114.91,1,-1,-1,-1
384,66,525.05,333.03,52.96,116.73,1,-1,-1,-1
384,85,380.45,377.31,48.54,115.58,1,-1,-1,-1
385,66,524.82,331.27,53.01,116.85,1,-1,-1,-1
385,85,380.32,376.11,48.44,115.17,1,-1,-1,-1
385,87,1.79,443.20,5.98,107.44,1,-1,-1,-1
386,62,528.71,497.81,66.42,130.04,1,-1,-1,-1
386,85,380.53,374.37,48.55,115.02,1,-1,-1,-1
386,87,2.01,442.16,6.02,106.95,1,-1,-1,-1
387,62,527.91,496.07,66.23,129.66,1,-1,-1,-1
387,85,379.80,372.43,48.91,115.63,1,-1,-1,-1
387,87,2.32,441.47,5.99,106.36,1,-1,-1,-1
388,62,526.08,492.47,67.09,129.85,1,-1,-1,-1
388,85,379.54,369.76,49.67,117.18,1,-1,-1,-1
389,62,524.88,489.49,68.04,131.88,1,-1,-1,-1
389,66,523.62,325.85,51.94,113.38,1,-1,-1,-1
389,85,379.67,366.83,50.16,118.43,1,-1,-1,-1
389,89,405.50,651.41,54.81,133.46,1,-1,-1,-1
390,62,523.30,486.49,68.73,133.26,1,-1,-1,-1
390,66,523.38,324.23,51.84,113.15,1,-1,-1,-1
390,85,379.86,365.76,50.08,118.24,1,-1,-1,-1
390,89,405.72,649.33,54.67,133.00,1,-1,-1,-1
391,62,522.33,484.12,69.79,135.10,1,-1,-1,-1
391,85,379.91,364.76,50.09,118.81,1,-1,-1,-1
391,89,406.09,647.95,54.49,132.54,1,-1,-1,-1
392,62,521.73,482.64,70.08,135.13,1,-1,-1,-1
392,85,379.88,363.77,50.20,119.68,1,-1,-1,-1
393,62,520.81,480.53,70.22,135.40,1,-1,-1,-1
393,85,380.21,362.79,50.21,120.00,1,-1,-1,-1
394,85,380.33,362.47,49.57,118.79,1,-1,-1,-1
395,85,380.30,361.24,49.63,118.95,1,-1,-1,-1
396,66,523.95,316.87,50.90,111.04,1,-1,-1,-1
396,85,379.76,361.56,48.19,115.13,1,-1,-1,-1
397,66,523.88,315.45,50.76,110.75,1,-1,-1,-1
397,85,379.59,360.16,47.97,114.27,1,-1,-1,-1
398,85,378.71,359.02,48.20,114.65,1,-1,-1,-1
399,66,523.49,312.94,51.01,110.88,1,-1,-1,-1
399,85,378.25,356.64,48.56,115.46,1,-1,-1,-1
400,66,523.23,309.81,51.46,110.89,1,-1,-1,-1
400,85,378.74,355.13,48.71,115.78,1,-1,-1,-1
401,66,522.66,306.75,51.91,111.56,1,-1,-1,-1
401,85,378.38,353.95,48.55,115.24,1,-1,-1,-1
402,66,521.90,304.34,52.52,112.48,1,-1,-1,-1
402,85,378.90,353.55,48.52,115.04,1,-1,-1,-1
403,66,521.57,303.50,52.83,112.83,1,-1,-1,-1
403,85,378.42,352.13,48.54,114.97,1,-1,-1,-1
404,66,522.57,302.59,52.04,111.64,1,-1,-1,-1
404,85,378.66,350.98,49.05,116.27,1,-1,-1,-1
405,66,522.62,301.65,51.75,111.19,1,-1,-1,-1
405,85,378.88,350.58,48.99,116.10,1,-1,-1,-1
406,66,521.73,301.36,51.49,111.02,1,-1,-1,-1
406,85,378.96,349.82,48.96,116.04,1,-1,-1,-1
407,66,522.00,299.99,51.52,110.96,1,-1,-1,-1
407,85,378.99,348.92,48.96,116.01,1,-1,-1,-1
408,66,521.15,298.86,51.46,110.95,1,-1,-1,-1
408,85,378.97,347.86,48.96,116.01,1,-1,-1,-1
409,66,520.94,297.49,51.40,110.84,1,-1,-1,-1
410,85,379.32,345.96,48.34,114.31,1,-1,-1,-1
411,85,379.46,344.29,48.07,113.36,1,-1,-1,-1
412,85,380.26,343.06,47.81,112.37,1,-1,-1,-1
413,85,379.72,341.32,48.04,112.68,1,-1,-1,-1
414,85,379.50,339.38,48.17,112.80,1,-1,-1,-1
415,85,379.27,338.70,48.51,113.52,1,-1,-1,-1
416,85,379.05,337.83,48.90,114.46,1,-1,-1,-1
417,85,378.46,336.88,49.42,116.14,1,-1,-1,-1
418,85,378.92,336.57,48.90,114.80,1,-1,-1,-1
419,85,379.09,335.84,48.72,114.28,1,-1,-1,-1
420,85,378.60,334.94,48.44,113.42,1,-1,-1,-1
421,66,521.16,278.06,51.57,110.97,1,-1,-1,-1
421,85,379.18,333.98,48.13,112.44,1,-1,-1,-1
421,90,1005.02,735.62,90.47,142.61,1,-1,-1,-1
422,66,521.13,276.15,50.99,109.61,1,-1,-1,-1
422,85,378.96,331.66,48.22,112.74,1,-1,-1,-1
422,90,1001.85,733.99,91.22,143.99,1,-1,-1,-1
423,66,521.13,274.19,51.46,110.49,1,-1,-1,-1
423,85,378.15,329.51,49.06,114.84,1,-1,-1,-1
423,90,999.55,732.32,92.09,145.36,1,-1,-1,-1
424,66,521.10,272.55,51.44,110.46,1,-1,-1,-1
424,85,377.70,328.09,49.01,114.98,1,-1,-1,-1
425,66,522.34,270.98,50.79,108.53,1,-1,-1,-1
425,85,378.10,326.28,49.18,115.68,1,-1,-1,-1
425,90,996.98,730.81,91.81,145.30,1,-1,-1,-1
426,66,522.47,269.36,50.68,108.29,1,-1,-1,-1
426,85,377.87,324.98,48.68,114.63,1,-1,-1,-1
426,90,995.78,729.85,91.99,146.05,1,-1,-1,-1
427,85,377.68,323.88,48.71,114.89,1,-1,-1,-1
427,90,992.99,726.82,93.46,149.01,1,-1,-1,-1
428,85,378.30,323.52,48.68,114.98,1,-1,-1,-1
428,90,991.30,725.09,92.77,148.05,1,-1,-1,-1
429,85,378.01,322.77,48.39,114.35,1,-1,-1,-1
429,90,989.32,723.53,93.32,148.93,1,-1,-1,-1
430,85,378.53,323.19,47.69,112.79,1,-1,-1,-1
430,90,987.47,720.42,92.38,147.59,1,-1,-1,-1
431,85,378.52,322.21,47.61,112.60,1,-1,-1,-1
431,90,985.50,718.66,92.76,148.20,1,-1,-1,-1
432,85,378.92,321.83,47.07,111.31,1,-1,-1,-1
433,85,378.95,320.92,46.94,111.00,1,-1,-1,-1
433,90,981.72,709.05,94.36,151.62,1,-1,-1,-1
434,85,379.50,320.79,46.74,110.15,1,-1,-1,-1
434,90,979.73,706.64,94.89,152.46,1,-1,-1,-1
435,85,379.69,319.31,46.55,109.25,1,-1,-1,-1
436,85,378.92,317.47,46.82,109.61,1,-1,-1,-1
437,85,379.38,316.15,46.75,109.09,1,-1,-1,-1
438,85,379.47,315.11,46.60,108.74,1,-1,-1,-1
438,94,842.30,735.16,69.66,140.58,1,-1,-1,-1
439,85,379.70,313.23,46.50,108.08,1,-1,-1,-1
439,94,840.24,733.27,69.86,141.14,1,-1,-1,-1
440,85,379.81,312.10,46.34,107.70,1,-1,-1,-1
440,94,838.45,731.25,70.14,142.00,1,-1,-1,-1
441,66,522.00,250.93,50.05,106.97,1,-1,-1,-1
441,94,836.79,728.50,69.66,141.53,1,-1,-1,-1
442,66,521.99,249.64,50.00,106.86,1,-1,-1,-1
442,94,834.97,726.70,69.94,142.09,1,-1,-1,-1
443,85,379.38,310.75,47.26,109.63,1,-1,-1,-1
444,85,379.42,309.81,47.22,109.54,1,-1,-1,-1
444,96,500.65,399.40,60.87,123.74,1,-1,-1,-1
445,96,500.50,396.56,60.83,123.89,1,-1,-1,-1
446,96,499.79,393.50,60.73,123.95,1,-1,-1,-1
447,85,377.82,307.00,46.83,108.14,1,-1,-1,-1
447,96,499.45,391.12,60.92,124.69,1,-1,-1,-1
448,85,377.71,306.06,46.74,107.95,1,-1,-1,-1
448,96,500.18,387.60,61.44,126.34,1,-1,-1,-1
449,96,500.34,385.75,61.85,127.61,1,-1,-1,-1
450,96,499.95,385.85,61.56,127.38,1,-1,-1,-1
451,96,499.72,384.64,61.62,127.95,1,-1,-1,-1
452,96,500.00,383.61,60.94,126.80,1,-1,-1,-1
453,96,499.56,382.63,60.44,126.35,1,-1,-1,-1
454,96,499.91,382.33,59.24,124.17,1,-1,-1,-1
455,96,499.70,380.96,58.14,122.00,1,-1,-1,-1
456,85,377.86,299.95,47.17,107.94,1,-1,-1,-1
456,96,499.17,378.49,58.65,123.89,1,-1,-1,-1
457,85,378.22,299.73,47.19,106.58,1,-1,-1,-1
457,96,498.72,376.97,58.71,124.59,1,-1,-1,-1
458,85,377.84,298.32,47.53,106.79,1,-1,-1,-1
458,96,497.33,374.47,59.20,126.19,1,-1,-1,-1
458,99,1091.92,592.98,57.93,132.77,1,-1,-1,-1
459,85,377.86,297.47,47.46,106.63,1,-1,-1,-1
459,96,496.23,372.93,59.25,126.78,1,-1,-1,-1
459,99,1092.18,592.19,58.37,133.74,1,-1,-1,-1
460,96,496.02,371.75,58.87,126.34,1,-1,-1,-1
460,99,1092.41,592.68,58.23,133.31,1,-1,-1,-1
461,85,378.11,294.27,47.63,106.90,1,-1,-1,-1
461,96,496.30,371.37,58.73,126.17,1,-1,-1,-1
461,99,1091.89,592.15,57.91,132.43,1,-1,-1,-1
462,85,377.33,293.09,47.94,107.62,1,-1,-1,-1
462,96,495.78,371.29,58.63,126.10,1,-1,-1,-1
462,99,1091.54,591.97,58.13,132.81,1,-1,-1,-1
463,85,377.73,292.02,48.04,107.87,1,-1,-1,-1
463,96,495.74,370.65,58.30,125.40,1,-1,-1,-1
463,99,1091.48,591.75,58.14,132.85,1,-1,-1,-1
464,85,377.49,291.00,48.19,107.96,1,-1,-1,-1
464,96,496.17,370.46,58.00,124.48,1,-1,-1,-1
464,99,1091.46,592.72,58.08,132.17,1,-1,-1,-1
465,66,592.70,413.99,54.83,112.96,1,-1,-1,-1
465,85,378.13,291.31,47.46,106.01,1,-1,-1,-1
465,96,495.49,369.11,57.59,123.47,1,-1,-1,-1
465,99,1091.50,592.90,57.98,131.33,1,-1,-1,-1
466,66,593.46,417.02,55.92,113.07,1,-1,-1,-1
466,85,378.76,290.81,47.73,106.61,1,-1,-1,-1
466,96,496.16,367.99,56.94,121.76,1,-1,-1,-1
466,99,1091.43,592.29,58.11,131.05,1,-1,-1,-1
467,66,596.43,423.85,56.05,113.33,1,-1,-1,-1
467,85,378.83,290.65,47.49,106.17,1,-1,-1,-1
467,96,495.59,365.61,57.05,121.80,1,-1,-1,-1
467,99,1091.88,592.74,57.86,129.61,1,-1,-1,-1
468,85,379.27,290.63,47.23,105.35,1,-1,-1,-1
468,96,495.25,364.11,56.70,120.50,1,-1,-1,-1
468,99,1091.39,592.91,58.44,130.42,1,-1,-1,-1
468,102,527.39,216.76,48.66,108.22,1,-1,-1,-1
469,85,379.00,289.32,47.34,105.71,1,-1,-1,-1
469,96,494.37,360.27,57.43,122.02,1,-1,-1,-1
469,99,1091.30,592.97,59.12,131.40,1,-1,-1,-1
469,102,528.36,216.98,48.53,107.98,1,-1,-1,-1
470,66,593.82,413.90,56.32,112.24,1,-1,-1,-1
470,85,379.43,288.85,46.96,104.53,1,-1,-1,-1
470,96,493.24,358.23,57.35,121.94,1,-1,-1,-1
470,99,1091.04,592.99,59.17,131.12,1,-1,-1,-1
470,102,528.69,216.30,48.48,107.92,1,-1,-1,-1
471,66,593.27,411.69,56.54,111.40,1,-1,-1,-1
471,85,379.59,288.14,46.84,104.26,1,-1,-1,-1
471,96,492.57,355.53,57.84,123.24,1,-1,-1,-1
471,99,1091.27,593.67,59.21,131.01,1,-1,-1,-1
471,102,529.52,216.06,48.45,107.91,1,-1,-1,-1
472,66,593.26,409.61,56.93,111.79,1,-1,-1,-1
472,96,492.78,355.24,57.79,123.07,1,-1,-1,-1
472,99,1091.46,594.58,59.00,130.31,1,-1,-1,-1
472,102,529.25,215.99,48.14,107.22,1,-1,-1,-1
472,105,943.22,312.22,53.00,108.00,1,-1,-1,-1
473,66,594.72,412.17,56.94,111.81,1,-1,-1,-1
473,96,491.93,354.53,57.69,123.01,1,-1,-1,-1
473,99,1091.63,596.25,58.73,129.38,1,-1,-1,-1
473,102,529.48,215.88,48.01,106.94,1,-1,-1,-1
473,105,942.39,311.98,52.64,107.24,1,-1,-1,-1
474,96,491.79,353.01,57.97,123.65,1,-1,-1,-1
474,99,1091.65,596.20,58.71,129.05,1,-1,-1,-1
474,105,941.57,310.44,52.93,107.73,1,-1,-1,-1
475,96,490.72,351.83,58.17,123.89,1,-1,-1,-1
475,99,1091.65,595.51,59.39,130.26,1,-1,-1,-1
475,105,941.64,310.66,53.12,107.91,1,-1,-1,-1
476,85,378.16,281.24,46.93,102.99,1,-1,-1,-1
476,96,491.08,350.78,57.39,122.00,1,-1,-1,-1
476,99,1092.27,595.24,59.72,130.72,1,-1,-1,-1
476,105,940.95,310.06,52.57,106.57,1,-1,-1,-1
477,85,378.50,280.07,47.43,102.92,1,-1,-1,-1
477,96,491.08,349.12,57.43,121.95,1,-1,-1,-1
477,99,1092.75,595.13,60.00,130.89,1,-1,-1,-1
477,105,941.38,309.87,52.44,106.10,1,-1,-1,-1
478,85,378.72,280.35,47.36,102.23,1,-1,-1,-1
478,96,489.99,347.22,57.64,122.59,1,-1,-1,-1
478,99,1093.25,595.08,60.12,130.96,1,-1,-1,-1
478,105,941.37,309.14,52.78,106.62,1,-1,-1,-1
479,85,379.41,279.82,47.45,101.98,1,-1,-1,-1
479,96,490.04,345.25,57.51,122.18,1,-1,-1,-1
479,99,1093.41,595.72,60.21,130.99,1,-1,-1,-1
479,105,940.53,308.22,53.25,107.50,1,-1,-1,-1
480,85,379.34,279.66,47.47,101.90,1,-1,-1,-1
480,96,489.68,343.69,57.46,122.08,1,-1,-1,-1
480,99,1094.35,595.30,60.46,131.66,1,-1,-1,-1
480,105,940.20,307.68,53.25,107.49,1,-1,-1,-1
481,85,380.22,280.29,47.00,100.55,1,-1,-1,-1
481,96,489.10,342.81,57.80,122.78,1,-1,-1,-1
481,99,1094.05,594.47,60.51,131.91,1,-1,-1,-1
482,85,380.09,278.56,47.06,100.72,1,-1,-1,-1
482,96,489.90,341.78,57.98,122.92,1,-1,-1,-1
482,99,1094.29,594.46,60.56,132.01,1,-1,-1,-1
482,105,940.31,306.09,53.13,107.07,1,-1,-1,-1
483,85,380.86,276.62,47.44,101.46,1,-1,-1,-1
483,96,489.63,340.78,57.84,122.31,1,-1,-1,-1
483,102,534.09,202.23,46.74,104.00,1,-1,-1,-1
483,105,940.08,305.49,53.10,107.01,1,-1,-1,-1
484,85,380.33,275.25,47.87,102.41,1,-1,-1,-1
484,96,490.16,339.79,57.86,122.08,1,-1,-1,-1
484,99,1096.11,593.23,61.18,133.72,1,-1,-1,-1
484,102,534.49,201.20,46.61,103.71,1,-1,-1,-1
485,85,380.66,273.45,48.29,103.43,1,-1,-1,-1
485,96,489.95,339.48,58.04,122.00,1,-1,-1,-1
485,99,1096.74,592.35,61.27,133.99,1,-1,-1,-1
486,66,593.42,387.00,57.83,111.02,1,-1,-1,-1
486,85,380.00,272.15,48.67,104.48,1,-1,-1,-1
486,96,489.83,338.08,58.22,121.97,1,-1,-1,-1
486,99,1096.97,591.39,61.28,134.08,1,-1,-1,-1
487,66,592.35,386.00,58.96,112.38,1,-1,-1,-1
487,85,380.41,270.37,48.15,103.56,1,-1,-1,-1
487,96,489.97,337.61,57.92,121.30,1,-1,-1,-1
487,99,1097.17,591.03,61.02,133.45,1,-1,-1,-1
488,66,591.56,385.00,59.57,113.48,1,-1,-1,-1
488,85,379.57,269.08,48.61,104.53,1,-1,-1,-1
488,96,490.17,335.49,58.19,121.72,1,-1,-1,-1
488,99,1097.53,590.74,61.08,133.59,1,-1,-1,-1
489,66,591.25,384.00,59.81,113.89,1,-1,-1,-1
489,85,379.88,267.32,48.18,103.57,1,-1,-1,-1
489,96,489.70,334.07,58.06,121.22,1,-1,-1,-1
489,99,1099.12,591.66,60.29,131.60,1,-1,-1,-1
490,66,591.12,383.66,59.91,114.04,1,-1,-1,-1
490,85,380.66,266.70,48.02,103.20,1,-1,-1,-1
490,96,489.78,331.60,58.17,121.03,1,-1,-1,-1
490,99,1099.61,591.49,60.26,131.52,1,-1,-1,-1
491,66,590.56,383.57,58.98,112.10,1,-1,-1,-1
491,85,380.79,265.55,48.01,103.18,1,-1,-1,-1
491,96,489.33,328.74,57.85,120.30,1,-1,-1,-1
492,66,590.46,382.91,59.08,112.03,1,-1,-1,-1
492,85,380.83,266.43,47.53,102.26,1,-1,-1,-1
492,96,489.02,326.39,58.02,120.70,1,-1,-1,-1
493,66,590.65,382.03,58.65,111.33,1,-1,-1,-1
493,85,380.94,265.49,47.48,102.14,1,-1,-1,-1
493,96,488.63,325.57,57.99,120.85,1,-1,-1,-1
494,66,590.22,380.41,58.17,110.41,1,-1,-1,-1
494,96,489.04,323.34,58.19,121.58,1,-1,-1,-1
494,105,935.99,296.06,54.05,108.94,1,-1,-1,-1
495,66,590.35,379.83,57.41,108.74,1,-1,-1,-1
495,85,380.87,264.79,47.36,101.99,1,-1,-1,-1
495,96,488.83,321.90,58.36,122.51,1,-1,-1,-1
495,99,1105.34,590.04,58.94,128.21,1,-1,-1,-1
495,105,936.40,294.40,53.71,107.64,1,-1,-1,-1
496,66,590.76,378.99,57.08,108.12,1,-1,-1,-1
496,85,380.96,263.98,47.31,101.88,1,-1,-1,-1
496,96,489.10,322.07,58.38,122.87,1,-1,-1,-1
496,99,1106.12,589.82,58.78,127.88,1,-1,-1,-1
496,105,936.15,293.53,53.70,107.62,1,-1,-1,-1
497,66,590.64,377.37,56.87,107.91,1,-1,-1,-1
497,96,488.84,321.54,58.48,123.66,1,-1,-1,-1
497,105,936.96,292.14,53.53,106.35,1,-1,-1,-1
498,66,591.04,376.80,56.54,107.18,1,-1,-1,-1
498,96,489.49,320.73,57.66,121.97,1,-1,-1,-1
498,105,936.85,291.07,53.34,105.38,1,-1,-1,-1
499,66,590.52,375.96,56.47,106.92,1,-1,-1,-1
499,96,489.74,319.82,56.70,120.00,1,-1,-1,-1
499,99,1105.99,589.02,59.46,128.78,1,-1,-1,-1
499,105,936.35,290.04,53.54,105.05,1,-1,-1,-1
500,66,590.69,375.02,56.37,106.84,1,-1,-1,-1
500,96,489.75,318.20,56.52,119.26,1,-1,-1,-1
500,99,1106.55,588.78,59.39,128.62,1,-1,-1,-1
500,105,935.95,289.03,54.06,105.59,1,-1,-1,-1
501,66,590.10,374.70,56.32,106.82,1,-1,-1,-1
501,96,489.99,316.97,56.64,118.99,1,-1,-1,-1
501,105,935.61,288.02,54.65,106.47,1,-1,-1,-1
502,66,590.55,373.95,56.28,106.83,1,-1,-1,-1
502,96,490.26,314.57,57.00,119.57,1,-1,-1,-1
502,105,935.20,287.68,54.77,106.15,1,-1,-1,-1
503,66,590.74,373.70,56.26,106.85,1,-1,-1,-1
503,85,382.60,258.97,46.72,100.05,1,-1,-1,-1
503,96,489.78,312.40,57.63,121.11,1,-1,-1,-1
503,105,935.12,287.59,55.36,106.69,1,-1,-1,-1
504,66,590.83,373.64,55.54,105.54,1,-1,-1,-1
504,85,382.72,259.45,46.62,99.26,1,-1,-1,-1
504,96,489.78,310.91,57.63,121.13,1,-1,-1,-1
504,105,934.98,286.79,55.35,106.68,1,-1,-1,-1
505,66,590.84,372.96,55.35,105.17,1,-1,-1,-1
505,85,382.90,258.81,46.50,99.01,1,-1,-1,-1
506,66,589.78,368.14,57.42,108.88,1,-1,-1,-1
507,66,589.68,367.01,57.45,108.95,1,-1,-1,-1
507,105,932.92,287.59,55.56,106.08,1,-1,-1,-1
508,105,932.65,287.09,55.53,106.01,1,-1,-1,-1
509,66,588.61,363.27,57.17,108.17,1,-1,-1,-1
510,66,589.50,362.68,56.38,106.68,1,-1,-1,-1
510,96,488.65,305.78,56.88,119.12,1,-1,-1,-1
510,105,930.70,285.16,55.99,105.98,1,-1,-1,-1
511,66,588.70,361.16,56.99,108.17,1,-1,-1,-1
511,96,488.36,305.57,56.57,118.29,1,-1,-1,-1
511,99,1108.05,588.94,60.07,128.96,1,-1,-1,-1
511,105,930.32,284.57,55.96,105.93,1,-1,-1,-1
512,66,587.94,361.29,56.84,108.06,1,-1,-1,-1
512,96,488.77,304.16,56.13,117.36,1,-1,-1,-1
512,99,1108.33,588.96,60.25,128.98,1,-1,-1,-1
513,66,587.71,360.20,56.84,108.06,1,-1,-1,-1
513,85,382.11,249.17,47.87,100.86,1,-1,-1,-1
513,96,488.66,302.35,55.83,116.35,1,-1,-1,-1
513,99,1109.35,588.31,60.45,129.65,1,-1,-1,-1
514,66,587.62,361.36,56.72,108.01,1,-1,-1,-1
514,85,382.14,248.18,47.89,100.90,1,-1,-1,-1
514,96,488.62,301.15,55.64,115.97,1,-1,-1,-1
514,99,1110.27,588.07,60.09,129.24,1,-1,-1,-1
515,66,587.60,361.52,56.64,108.00,1,-1,-1,-1
515,99,1111.59,587.32,60.62,131.07,1,-1,-1,-1
516,66,587.62,360.26,56.57,108.00,1,-1,-1,-1
516,99,1112.81,586.38,60.67,132.41,1,-1,-1,-1
517,66,587.44,359.46,56.57,107.99,1,-1,-1,-1
517,99,1113.38,586.03,60.42,132.92,1,-1,-1,-1
518,66,587.21,356.59,55.81,106.44,1,-1,-1,-1
518,99,1113.81,585.91,59.85,132.43,1,-1,-1,-1
519,66,586.99,353.82,55.26,105.41,1,-1,-1,-1
519,99,1114.16,586.54,59.22,131.58,1,-1,-1,-1
520,66,587.05,352.20,55.47,105.71,1,-1,-1,-1
520,96,490.46,294.95,56.73,117.78,1,-1,-1,-1
520,99,1114.07,587.45,58.72,130.58,1,-1,-1,-1
521,66,586.94,351.65,55.18,105.17,1,-1,-1,-1
521,96,490.64,293.95,56.70,117.23,1,-1,-1,-1
521,99,1114.47,587.39,58.72,130.60,1,-1,-1,-1
522,66,587.57,350.82,55.07,104.98,1,-1,-1,-1
522,96,491.30,292.28,56.80,117.05,1,-1,-1,-1
522,99,1116.43,590.20,57.59,129.35,1,-1,-1,-1
523,66,587.43,349.23,55.13,104.91,1,-1,-1,-1
523,96,491.76,291.04,56.41,115.66,1,-1,-1,-1
523,99,1116.96,590.45,57.54,129.24,1,-1,-1,-1
524,66,587.21,348.68,55.50,105.56,1,-1,-1,-1
524,96,491.46,289.29,56.53,115.81,1,-1,-1,-1
525,66,587.40,347.85,55.76,105.81,1,-1,-1,-1
525,96,491.19,287.36,56.87,116.53,1,-1,-1,-1
526,66,586.93,347.58,55.63,105.25,1,-1,-1,-1
526,96,491.08,286.67,56.35,115.49,1,-1,-1,-1
527,66,587.09,346.86,55.57,105.04,1,-1,-1,-1
527,96,490.52,285.14,56.52,115.76,1,-1,-1,-1
528,66,587.04,345.90,55.49,104.90,1,-1,-1,-1
528,85,381.77,238.93,48.48,101.01,1,-1,-1,-1
528,96,490.01,284.62,56.51,115.87,1,-1,-1,-1
529,66,586.21,344.99,55.11,104.17,1,-1,-1,-1
529,85,381.60,239.45,48.80,101.01,1,-1,-1,-1
529,96,490.49,284.47,55.83,114.59,1,-1,-1,-1
530,66,586.15,344.01,55.42,104.67,1,-1,-1,-1
530,85,381.37,239.61,48.60,100.34,1,-1,-1,-1
530,96,490.03,284.46,55.54,114.12,1,-1,-1,-1
530,99,1118.99,589.14,56.21,128.97,1,-1,-1,-1
531,66,586.27,341.69,55.26,104.18,1,-1,-1,-1
531,85,381.35,239.10,48.57,100.28,1,-1,-1,-1
531,96,490.00,283.50,55.41,113.84,1,-1,-1,-1
531,99,1119.35,589.15,56.18,128.90,1,-1,-1,-1
532,66,586.30,339.53,55.25,104.01,1,-1,-1,-1
533,66,586.22,338.31,55.16,103.84,1,-1,-1,-1
543,113,194.39,292.00,52.38,103.78,1,-1,-1,-1
544,113,194.85,292.00,52.48,104.02,1,-1,-1,-1
545,113,195.50,292.00,52.63,104.32,1,-1,-1,-1
546,85,404.96,343.61,57.38,113.82,1,-1,-1,-1
546,96,491.76,267.03,55.39,112.96,1,-1,-1,-1
547,85,406.35,349.46,57.76,114.58,1,-1,-1,-1
547,96,491.87,265.95,55.35,112.87,1,-1,-1,-1
547,113,198.02,291.09,52.72,104.99,1,-1,-1,-1
548,113,198.87,290.93,52.88,105.30,1,-1,-1,-1
549,66,587.29,328.89,54.37,101.99,1,-1,-1,-1
549,96,492.73,262.27,55.31,112.95,1,-1,-1,-1
550,66,587.34,328.22,54.30,101.87,1,-1,-1,-1
550,85,406.22,345.15,58.82,113.49,1,-1,-1,-1
550,96,492.89,261.04,55.28,112.89,1,-1,-1,-1
551,66,589.32,327.91,54.33,101.15,1,-1,-1,-1
551,85,406.00,343.55,59.84,113.99,1,-1,-1,-1
552,66,588.42,327.09,54.93,102.35,1,-1,-1,-1
552,85,407.00,347.00,60.09,114.46,1,-1,-1,-1
552,96,495.11,261.50,55.15,111.26,1,-1,-1,-1
552,113,200.16,285.35,52.08,104.17,1,-1,-1,-1
553,66,588.51,325.48,54.99,102.11,1,-1,-1,-1
553,96,494.57,261.55,55.50,111.01,1,-1,-1,-1
553,113,200.73,284.90,51.73,104.07,1,-1,-1,-1
554,66,588.50,324.24,55.09,102.02,1,-1,-1,-1
554,96,494.67,261.58,55.72,110.26,1,-1,-1,-1
554,113,201.32,284.22,51.75,104.10,1,-1,-1,-1
555,66,588.05,323.14,55.35,102.65,1,-1,-1,-1
555,96,495.77,261.62,55.64,109.33,1,-1,-1,-1
556,66,588.10,322.29,55.37,102.68,1,-1,-1,-1
556,96,495.42,261.66,55.79,108.99,1,-1,-1,-1
557,96,496.00,261.03,55.72,108.21,1,-1,-1,-1
557,113,202.16,285.59,50.99,103.13,1,-1,-1,-1
558,66,586.64,319.24,55.31,102.96,1,-1,-1,-1
558,96,496.38,259.49,56.02,108.60,1,-1,-1,-1
558,113,202.64,285.26,50.96,103.06,1,-1,-1,-1
559,66,586.53,318.25,55.33,103.01,1,-1,-1,-1
559,96,496.48,258.94,56.19,108.76,1,-1,-1,-1
560,96,496.87,257.43,56.19,108.83,1,-1,-1,-1
561,66,587.96,319.45,54.63,102.16,1,-1,-1,-1
561,96,497.01,256.89,56.18,108.87,1,-1,-1,-1
562,66,588.26,318.93,54.35,102.04,1,-1,-1,-1
562,96,496.35,256.05,56.25,109.55,1,-1,-1,-1
563,66,588.41,319.42,54.17,102.00,1,-1,-1,-1
563,85,410.42,339.18,60.60,115.12,1,-1,-1,-1
563,96,497.11,255.76,55.56,108.50,1,-1,-1,-1
564,66,587.70,318.96,54.31,102.64,1,-1,-1,-1
564,85,410.94,339.65,60.69,115.30,1,-1,-1,-1
564,96,496.62,255.02,55.51,108.76,1,-1,-1,-1
565,66,587.76,318.15,53.69,101.57,1,-1,-1,-1
565,85,410.38,336.83,60.79,114.30,1,-1,-1,-1
565,96,496.24,255.43,55.22,108.21,1,-1,-1,-1
565,113,205.61,280.12,51.76,105.85,1,-1,-1,-1
566,66,587.38,316.54,53.61,101.82,1,-1,-1,-1
566,85,410.81,336.98,60.82,114.36,1,-1,-1,-1
566,96,496.09,254.95,55.10,108.01,1,-1,-1,-1
566,113,206.04,279.57,51.86,106.04,1,-1,-1,-1
567,66,587.29,315.86,53.58,101.77,1,-1,-1,-1
567,96,496.04,256.12,54.38,106.61,1,-1,-1,-1
567,113,208.82,282.16,50.48,103.68,1,-1,-1,-1
568,96,496.15,255.25,54.50,106.76,1,-1,-1,-1
568,113,209.52,281.97,50.08,103.20,1,-1,-1,-1
569,96,496.47,254.28,53.99,105.50,1,-1,-1,-1
569,113,210.16,281.73,50.03,103.09,1,-1,-1,-1
570,96,495.74,252.60,54.17,105.70,1,-1,-1,-1
570,113,211.27,280.32,50.16,103.78,1,-1,-1,-1
571,85,411.95,334.24,62.17,114.98,1,-1,-1,-1
571,96,496.26,251.99,53.99,105.13,1,-1,-1,-1
571,113,211.95,279.96,50.15,103.76,1,-1,-1,-1
571,115,1128.24,611.58,43.51,133.44,1,-1,-1,-1
572,85,411.58,334.03,62.43,114.33,1,-1,-1,-1
572,96,496.42,251.79,53.99,104.93,1,-1,-1,-1
572,115,1127.91,612.09,43.41,132.95,1,-1,-1,-1
573,85,410.53,333.95,63.03,114.78,1,-1,-1,-1
573,96,497.35,250.41,54.25,105.53,1,-1,-1,-1
573,115,1128.39,613.69,42.95,131.35,1,-1,-1,-1
574,85,410.74,333.80,63.07,114.84,1,-1,-1,-1
574,96,497.70,249.91,54.32,105.76,1,-1,-1,-1
574,115,1128.42,614.18,43.06,131.58,1,-1,-1,-1
575,96,498.37,249.75,53.95,105.20,1,-1,-1,-1
575,113,214.86,275.30,49.32,102.14,1,-1,-1,-1
575,115,1128.41,614.31,43.15,131.69,1,-1,-1,-1
576,96,498.54,249.72,53.95,104.99,1,-1,-1,-1
576,113,215.93,274.89,48.95,101.30,1,-1,-1,-1
576,115,1128.59,614.31,42.81,130.38,1,-1,-1,-1
577,96,498.79,248.40,54.21,105.59,1,-1,-1,-1
577,113,216.54,274.75,48.97,101.02,1,-1,-1,-1
577,115,1128.53,614.28,42.95,130.61,1,-1,-1,-1
578,96,498.75,246.60,54.58,106.48,1,-1,-1,-1
578,113,217.27,274.18,48.86,100.79,1,-1,-1,-1
578,115,1128.61,614.77,42.79,130.13,1,-1,-1,-1
579,96,499.27,246.61,54.29,106.16,1,-1,-1,-1
579,113,216.45,274.70,48.92,100.90,1,-1,-1,-1
580,96,498.83,245.32,54.11,106.04,1,-1,-1,-1
580,113,216.47,274.76,48.66,100.23,1,-1,-1,-1
580,115,1128.59,615.97,42.83,129.89,1,-1,-1,-1
581,66,586.52,305.02,52.95,100.01,1,-1,-1,-1
581,96,499.06,244.86,53.89,105.99,1,-1,-1,-1
581,113,217.65,274.12,48.86,100.66,1,-1,-1,-1
581,115,1128.54,615.46,42.92,129.84,1,-1,-1,-1
582,66,586.47,304.26,52.89,99.90,1,-1,-1,-1
582,96,499.49,243.39,53.13,104.66,1,-1,-1,-1
582,113,218.20,273.90,48.68,100.16,1,-1,-1,-1
582,115,1128.40,615.95,43.20,130.50,1,-1,-1,-1
583,96,499.61,241.54,53.57,106.15,1,-1,-1,-1
583,113,218.78,273.49,48.57,99.96,1,-1,-1,-1
583,115,1128.43,617.45,43.15,130.09,1,-1,-1,-1
584,96,499.49,240.87,54.04,107.37,1,-1,-1,-1
584,113,218.43,273.02,48.62,99.94,1,-1,-1,-1
584,115,1128.47,617.98,43.07,129.84,1,-1,-1,-1
585,96,499.48,240.66,54.14,107.83,1,-1,-1,-1
585,113,218.92,272.61,48.53,99.76,1,-1,-1,-1
585,115,1127.73,618.11,43.76,132.27,1,-1,-1,-1
586,96,499.61,240.61,53.92,108.00,1,-1,-1,-1
586,115,1128.28,619.54,43.83,132.78,1,-1,-1,-1
587,96,500.39,239.30,54.33,109.37,1,-1,-1,-1
587,115,1128.60,619.38,43.61,132.30,1,-1,-1,-1
588,96,501.27,238.18,54.62,110.54,1,-1,-1,-1
588,115,1127.98,619.30,43.69,132.77,1,-1,-1,-1
589,96,501.58,237.12,54.10,109.66,1,-1,-1,-1
589,115,1127.86,618.59,43.49,132.29,1,-1,-1,-1
590,96,500.91,235.43,54.13,109.97,1,-1,-1,-1
590,113,223.23,269.10,49.19,100.86,1,-1,-1,-1
590,115,1127.73,618.97,43.57,132.77,1,-1,-1,-1
591,96,501.01,235.49,53.44,108.10,1,-1,-1,-1
591,113,223.88,268.57,49.19,100.84,1,-1,-1,-1
591,115,1127.80,620.42,43.38,132.29,1,-1,-1,-1
592,96,500.83,234.88,52.91,106.72,1,-1,-1,-1
592,113,224.03,268.80,49.21,100.96,1,-1,-1,-1
592,115,1127.75,620.87,43.39,132.30,1,-1,-1,-1
593,96,501.25,234.03,52.41,105.53,1,-1,-1,-1
593,113,224.95,268.79,48.92,100.31,1,-1,-1,-1
594,96,502.04,232.41,52.27,105.10,1,-1,-1,-1
594,113,225.59,268.37,48.89,100.25,1,-1,-1,-1
595,96,501.93,231.17,52.37,104.94,1,-1,-1,-1
596,96,501.59,230.74,52.31,104.23,1,-1,-1,-1
596,113,226.53,267.93,48.18,99.17,1,-1,-1,-1
597,96,501.53,231.28,52.16,103.31,1,-1,-1,-1
597,113,227.12,267.56,48.11,99.01,1,-1,-1,-1
597,115,1128.77,623.94,42.35,128.30,1,-1,-1,-1
598,96,502.08,231.52,52.28,102.98,1,-1,-1,-1
598,115,1128.56,623.44,42.85,129.39,1,-1,-1,-1
599,96,502.58,230.97,52.39,102.87,1,-1,-1,-1
599,115,1128.62,623.85,42.78,129.20,1,-1,-1,-1
600,96,503.38,231.45,52.52,102.84,1,-1,-1,-1
600,115,1128.56,624.06,42.88,129.00,1,-1,-1,-1
601,96,504.30,231.65,52.65,102.84,1,-1,-1,-1
601,115,1128.61,624.45,42.82,128.81,1,-1,-1,-1
602,96,504.45,230.42,52.40,102.19,1,-1,-1,-1
603,96,504.43,229.97,51.77,101.30,1,-1,-1,-1
604,96,504.83,229.16,52.03,102.30,1,-1,-1,-1
605,96,504.37,226.89,52.00,102.69,1,-1,-1,-1
606,96,504.20,225.40,51.97,103.50,1,-1,-1,-1
607,96,504.35,224.59,51.95,103.46,1,-1,-1,-1
609,115,1128.03,626.06,42.98,127.97,1,-1,-1,-1
610,115,1127.43,626.10,43.45,127.95,1,-1,-1,-1
611,115,1127.53,626.12,43.67,127.94,1,-1,-1,-1
612,115,1127.51,626.35,43.63,127.82,1,-1,-1,-1
613,96,505.75,222.82,49.56,100.18,1,-1,-1,-1
614,96,505.91,222.26,49.42,99.89,1,-1,-1,-1
617,115,1127.53,627.03,43.90,127.95,1,-1,-1,-1
617,123,330.29,747.95,68.10,130.28,1,-1,-1,-1
618,115,1127.46,627.76,44.07,127.97,1,-1,-1,-1
618,123,329.25,746.33,68.67,131.65,1,-1,-1,-1
619,115,1127.31,628.00,44.38,128.64,1,-1,-1,-1
619,123,328.44,745.11,69.12,132.80,1,-1,-1,-1
620,115,1127.30,628.24,44.39,128.67,1,-1,-1,-1
620,123,327.55,744.03,69.14,133.17,1,-1,-1,-1
621,123,326.85,743.70,69.28,133.95,1,-1,-1,-1
622,123,326.73,742.94,69.14,134.21,1,-1,-1,-1
623,123,326.19,742.02,69.45,135.62,1,-1,-1,-1
624,123,325.46,741.15,69.83,136.37,1,-1,-1,-1
635,96,571.27,262.69,47.72,96.98,1,-1,-1,-1
636,96,574.29,264.55,47.65,96.84,1,-1,-1,-1
637,96,572.25,261.33,47.25,96.14,1,-1,-1,-1
638,96,574.73,262.65,47.15,95.94,1,-1,-1,-1
639,96,572.07,257.64,46.63,95.15,1,-1,-1,-1
640,96,572.22,256.02,45.60,93.60,1,-1,-1,-1
640,127,1012.47,742.19,74.90,135.79,1,-1,-1,-1
641,96,573.88,256.36,45.39,93.17,1,-1,-1,-1
641,127,1010.77,741.12,74.94,136.07,1,-1,-1,-1
642,127,1009.06,740.08,75.18,136.87,1,-1,-1,-1
643,96,572.65,252.73,45.21,92.90,1,-1,-1,-1
643,127,1007.62,739.20,75.47,137.39,1,-1,-1,-1
644,96,573.82,252.59,45.03,92.54,1,-1,-1,-1
650,96,569.13,241.54,46.81,96.67,1,-1,-1,-1
651,96,569.53,239.50,46.78,96.95,1,-1,-1,-1
652,96,569.73,238.41,46.87,97.12,1,-1,-1,-1
655,96,568.86,234.13,45.85,95.31,1,-1,-1,-1
656,96,567.70,233.68,45.73,95.78,1,-1,-1,-1
656,129,990.45,525.19,58.54,123.98,1,-1,-1,-1
657,96,567.77,232.85,45.44,95.27,1,-1,-1,-1
657,129,989.95,524.88,57.52,121.66,1,-1,-1,-1
658,96,567.70,231.78,45.42,95.22,1,-1,-1,-1
658,129,988.85,524.08,56.88,120.18,1,-1,-1,-1
659,129,988.30,523.46,56.36,119.10,1,-1,-1,-1
660,130,616.76,405.41,52.51,112.02,1,-1,-1,-1
661,130,616.39,403.34,52.54,112.05,1,-1,-1,-1
662,130,615.87,400.52,52.61,112.05,1,-1,-1,-1
663,130,615.51,398.21,52.99,112.76,1,-1,-1,-1
664,130,616.21,396.79,52.20,110.90,1,-1,-1,-1
665,130,616.44,395.69,51.96,110.22,1,-1,-1,-1
666,130,616.36,394.00,52.22,110.67,1,-1,-1,-1
667,130,616.99,392.78,52.35,110.85,1,-1,-1,-1
668,130,617.35,392.40,52.14,110.24,1,-1,-1,-1
669,130,617.02,391.66,52.32,110.70,1,-1,-1,-1
670,130,617.04,390.77,52.08,110.20,1,-1,-1,-1
671,130,617.11,389.47,52.02,110.06,1,-1,-1,-1
674,130,616.15,383.28,51.97,109.96,1,-1,-1,-1
675,130,615.78,381.23,51.80,109.27,1,-1,-1,-1
676,96,566.24,208.04,44.52,93.01,1,-1,-1,-1
676,130,616.66,379.88,51.72,109.03,1,-1,-1,-1
677,96,565.37,206.22,45.51,95.06,1,-1,-1,-1
677,130,617.23,377.45,51.88,109.61,1,-1,-1,-1
678,96,564.96,205.62,45.42,95.05,1,-1,-1,-1
678,130,617.99,375.93,51.51,109.18,1,-1,-1,-1
679,96,564.82,205.45,45.35,95.04,1,-1,-1,-1
679,130,618.15,374.29,51.45,109.05,1,-1,-1,-1
680,96,564.92,205.44,45.06,94.37,1,-1,-1,-1
680,130,617.44,372.14,52.33,111.33,1,-1,-1,-1
681,96,564.77,204.44,45.05,94.36,1,-1,-1,-1
681,130,617.50,371.49,52.12,111.15,1,-1,-1,-1
682,130,617.56,371.29,51.98,111.08,1,-1,-1,-1
683,130,617.22,370.61,51.97,111.05,1,-1,-1,-1
684,130,616.94,369.09,51.61,110.38,1,-1,-1,-1
684,131,1126.50,621.78,45.79,130.46,1,-1,-1,-1
685,130,617.11,368.57,50.92,108.80,1,-1,-1,-1
685,131,1126.71,622.02,45.60,130.00,1,-1,-1,-1
686,130,617.45,366.43,50.79,108.21,1,-1,-1,-1
686,131,1126.94,622.32,45.44,129.54,1,-1,-1,-1
687,130,616.74,365.02,51.08,108.65,1,-1,-1,-1
688,96,565.18,197.02,44.53,93.05,1,-1,-1,-1
688,130,616.45,362.56,51.24,108.83,1,-1,-1,-1
689,96,564.61,196.00,44.32,92.29,1,-1,-1,-1
689,130,616.04,360.36,51.24,108.90,1,-1,-1,-1
690,96,564.67,194.99,44.43,92.70,1,-1,-1,-1
690,130,615.94,358.78,51.19,108.81,1,-1,-1,-1
691,96,564.61,193.96,44.37,92.59,1,-1,-1,-1
693,131,1125.61,620.08,46.85,133.85,1,-1,-1,-1
694,131,1125.54,619.95,46.95,134.15,1,-1,-1,-1
695,130,613.87,354.72,52.38,110.82,1,-1,-1,-1
695,132,81.89,438.19,55.13,116.24,1,-1,-1,-1
696,130,613.76,353.15,52.40,110.98,1,-1,-1,-1
696,132,82.97,437.12,55.03,116.02,1,-1,-1,-1
697,130,613.20,351.29,52.12,110.37,1,-1,-1,-1
697,132,83.48,435.34,55.28,116.70,1,-1,-1,-1
698,130,613.53,349.32,52.27,110.80,1,-1,-1,-1
698,132,84.83,434.07,55.06,116.22,1,-1,-1,-1
699,130,613.80,347.97,52.05,110.30,1,-1,-1,-1
699,132,85.82,432.94,55.03,116.17,1,-1,-1,-1
700,130,613.78,346.19,52.23,110.77,1,-1,-1,-1
701,130,613.65,344.75,52.26,110.84,1,-1,-1,-1
703,130,614.31,342.82,52.08,110.15,1,-1,-1,-1
704,130,614.51,343.20,51.87,109.36,1,-1,-1,-1
705,96,566.48,182.95,42.97,89.03,1,-1,-1,-1
705,130,614.40,342.01,52.15,109.75,1,-1,-1,-1
706,96,565.62,182.74,43.38,89.64,1,-1,-1,-1
706,130,614.33,340.95,52.30,109.90,1,-1,-1,-1
707,96,565.32,181.32,43.54,89.83,1,-1,-1,-1
707,130,614.29,339.93,52.40,109.96,1,-1,-1,-1
708,96,565.99,180.16,43.39,89.24,1,-1,-1,-1
708,130,613.73,339.59,52.21,109.32,1,-1,-1,-1
709,96,565.42,179.09,43.64,89.69,1,-1,-1,-1
709,130,613.62,338.18,51.92,108.42,1,-1,-1,-1
710,96,565.20,178.06,43.75,89.87,1,-1,-1,-1
710,130,613.56,337.09,51.84,108.25,1,-1,-1,-1
710,131,1126.84,617.01,46.29,134.06,1,-1,-1,-1
711,96,565.17,177.14,43.72,89.80,1,-1,-1,-1
711,131,1126.88,616.83,46.30,134.09,1,-1,-1,-1
712,131,1126.49,616.93,46.25,134.82,1,-1,-1,-1
712,133,506.23,422.19,56.04,122.28,1,-1,-1,-1
713,131,1126.07,616.25,46.25,134.98,1,-1,-1,-1
713,133,506.59,421.12,55.68,121.36,1,-1,-1,-1
714,96,565.08,174.93,43.82,89.96,1,-1,-1,-1
714,131,1125.94,616.68,46.23,135.03,1,-1,-1,-1
714,133,506.69,420.82,55.60,121.05,1,-1,-1,-1
715,96,565.05,174.07,43.81,89.93,1,-1,-1,-1
715,131,1125.86,616.54,46.26,135.13,1,-1,-1,-1
715,133,505.72,419.32,56.14,122.39,1,-1,-1,-1
716,131,1126.35,616.87,46.06,135.05,1,-1,-1,-1
716,133,505.27,418.14,56.57,123.56,1,-1,-1,-1
717,131,1126.50,616.93,45.92,135.04,1,-1,-1,-1
717,133,505.04,417.22,56.72,123.91,1,-1,-1,-1
718,131,1126.98,616.95,45.67,135.04,1,-1,-1,-1
718,133,505.90,417.67,55.92,122.44,1,-1,-1,-1
719,131,1127.40,617.63,45.11,133.71,1,-1,-1,-1
719,132,108.59,404.03,53.80,114.01,1,-1,-1,-1
719,133,505.86,416.98,55.45,121.46,1,-1,-1,-1
720,131,1127.47,617.65,45.07,133.62,1,-1,-1,-1
720,132,109.41,402.88,54.24,114.67,1,-1,-1,-1
720,133,505.56,417.44,55.20,121.13,1,-1,-1,-1
721,131,1127.27,617.15,44.70,132.33,1,-1,-1,-1
721,132,110.51,401.48,54.23,114.63,1,-1,-1,-1
721,133,505.45,416.89,55.15,121.02,1,-1,-1,-1
722,131,1127.31,617.04,44.46,131.35,1,-1,-1,-1
722,135,1071.90,762.16,65.60,116.84,1,-1,-1,-1
723,131,1126.82,617.00,44.72,131.68,1,-1,-1,-1
723,135,1070.17,761.03,66.15,117.97,1,-1,-1,-1
724,131,1126.51,616.99,45.08,132.48,1,-1,-1,-1
724,135,1068.93,759.95,66.75,119.05,1,-1,-1,-1
725,131,1126.84,616.98,44.97,132.12,1,-1,-1,-1
725,135,1065.58,758.13,67.56,120.87,1,-1,-1,-1
726,131,1126.59,616.98,45.03,131.99,1,-1,-1,-1
726,135,1063.86,756.90,68.26,122.10,1,-1,-1,-1
727,131,1126.84,616.98,45.02,131.95,1,-1,-1,-1
728,131,1126.66,617.65,44.92,131.28,1,-1,-1,-1
728,135,1057.29,750.55,71.10,128.45,1,-1,-1,-1
729,131,1126.46,617.90,45.14,131.69,1,-1,-1,-1
729,132,117.68,390.97,54.73,114.98,1,-1,-1,-1
729,135,1055.09,748.77,72.09,130.23,1,-1,-1,-1
730,131,1126.36,617.99,45.27,131.85,1,-1,-1,-1
730,132,119.72,390.58,54.67,113.61,1,-1,-1,-1
731,131,1126.21,617.36,45.56,132.58,1,-1,-1,-1
731,132,119.78,389.11,55.20,114.50,1,-1,-1,-1
731,136,622.30,21.25,44.72,92.42,1,-1,-1,-1
732,131,1126.17,617.36,45.56,132.58,1,-1,-1,-1
732,132,120.80,387.28,55.98,115.49,1,-1,-1,-1
732,136,622.90,21.29,44.32,91.59,1,-1,-1,-1
733,131,1125.57,617.08,46.04,133.69,1,-1,-1,-1
733,132,121.83,385.94,56.03,115.59,1,-1,-1,-1
734,131,1125.69,617.02,45.62,131.91,1,-1,-1,-1
735,131,1125.64,616.98,45.60,131.83,1,-1,-1,-1
736,131,1126.04,618.55,44.86,128.82,1,-1,-1,-1
737,131,1125.93,618.90,45.08,128.82,1,-1,-1,-1
738,131,1125.74,619.02,45.47,129.49,1,-1,-1,-1
739,131,1125.62,619.06,45.70,129.75,1,-1,-1,-1
740,131,1125.93,619.07,45.76,129.85,1,-1,-1,-1
741,131,1125.95,619.19,45.71,129.71,1,-1,-1,-1
743,131,1126.20,619.91,45.55,129.06,1,-1,-1,-1
744,131,1126.11,620.71,45.77,129.65,1,-1,-1,-1
745,131,1126.15,620.95,45.73,129.55,1,-1,-1,-1
753,131,1126.48,621.07,45.05,127.06,1,-1,-1,-1
753,132,135.59,366.94,54.94,114.03,1,-1,-1,-1
754,131,1126.33,620.36,45.35,127.65,1,-1,-1,-1
754,132,136.28,365.97,54.91,113.96,1,-1,-1,-1
755,131,1126.57,619.46,45.54,128.50,1,-1,-1,-1
756,131,1127.07,619.79,45.43,128.82,1,-1,-1,-1
757,131,1126.83,619.26,45.60,129.60,1,-1,-1,-1
758,131,1127.14,619.06,45.50,129.89,1,-1,-1,-1
759,131,1127.31,618.99,45.37,130.00,1,-1,-1,-1
760,131,1127.37,618.89,45.41,130.12,1,-1,-1,-1
760,140,911.69,375.20,56.50,108.98,1,-1,-1,-1
761,131,1126.98,619.73,45.34,130.05,1,-1,-1,-1
761,140,911.20,374.16,56.50,108.95,1,-1,-1,-1
762,131,1126.91,619.91,45.30,130.05,1,-1,-1,-1
762,140,910.64,373.47,56.43,108.82,1,-1,-1,-1
763,131,1126.99,619.98,45.08,129.38,1,-1,-1,-1
763,140,910.22,373.82,55.64,107.24,1,-1,-1,-1
764,131,1126.82,619.34,45.38,130.45,1,-1,-1,-1
764,132,141.24,351.13,53.65,111.05,1,-1,-1,-1
764,140,909.69,373.37,55.41,106.79,1,-1,-1,-1
765,131,1127.16,619.10,45.36,130.85,1,-1,-1,-1
765,132,141.79,349.79,53.54,110.83,1,-1,-1,-1
766,131,1127.52,620.33,44.88,129.68,1,-1,-1,-1
767,131,1127.58,620.14,44.85,129.90,1,-1,-1,-1
767,132,142.24,347.02,52.83,109.20,1,-1,-1,-1
767,140,908.43,367.38,55.06,105.96,1,-1,-1,-1
768,131,1127.53,620.06,44.98,130.64,1,-1,-1,-1
768,132,142.74,345.21,53.25,110.33,1,-1,-1,-1
768,140,907.87,365.39,55.18,105.87,1,-1,-1,-1
769,131,1127.06,619.37,45.26,131.57,1,-1,-1,-1
769,132,142.64,344.60,53.27,110.05,1,-1,-1,-1
769,140,907.11,364.07,55.72,106.52,1,-1,-1,-1
770,131,1126.99,619.77,45.15,131.26,1,-1,-1,-1
770,132,143.79,342.44,53.53,111.28,1,-1,-1,-1
770,140,906.26,362.29,56.42,107.44,1,-1,-1,-1
771,131,1126.96,619.77,45.20,131.41,1,-1,-1,-1
771,132,144.28,341.03,53.51,111.26,1,-1,-1,-1
771,140,905.73,361.01,56.39,107.37,1,-1,-1,-1
772,131,1127.41,620.73,44.99,131.12,1,-1,-1,-1
773,131,1127.54,620.27,44.87,131.07,1,-1,-1,-1
774,131,1127.61,620.10,44.78,131.05,1,-1,-1,-1
775,131,1127.47,620.70,44.42,129.72,1,-1,-1,-1
775,132,146.42,336.86,53.16,111.01,1,-1,-1,-1
776,131,1127.30,620.93,44.52,129.88,1,-1,-1,-1
776,132,147.89,335.87,53.28,110.99,1,-1,-1,-1
777,131,1126.84,621.67,44.68,129.94,1,-1,-1,-1
777,132,148.09,335.54,53.24,110.99,1,-1,-1,-1
777,142,288.57,386.63,59.45,123.05,1,-1,-1,-1
778,131,1127.11,621.95,44.53,129.30,1,-1,-1,-1
778,132,148.94,334.80,52.96,109.66,1,-1,-1,-1
778,142,289.39,385.03,59.17,122.39,1,-1,-1,-1
779,131,1127.20,622.04,44.50,129.07,1,-1,-1,-1
779,132,149.83,333.90,53.01,109.16,1,-1,-1,-1
779,142,289.97,383.50,59.24,122.52,1,-1,-1,-1
780,131,1126.83,622.07,44.62,128.98,1,-1,-1,-1
780,132,149.54,332.94,53.54,109.65,1,-1,-1,-1
780,140,902.33,349.01,57.22,107.96,1,-1,-1,-1
781,131,1127.42,622.74,44.55,128.95,1,-1,-1,-1
781,132,150.14,331.96,53.63,109.17,1,-1,-1,-1
781,140,900.94,348.60,57.07,106.61,1,-1,-1,-1
782,131,1127.08,622.32,44.98,130.27,1,-1,-1,-1
782,132,149.99,330.30,54.35,110.33,1,-1,-1,-1
782,140,900.61,347.12,57.41,106.83,1,-1,-1,-1
783,131,1127.15,622.82,44.74,129.45,1,-1,-1,-1
783,132,149.74,329.06,54.98,111.42,1,-1,-1,-1
783,140,900.19,346.62,57.52,106.92,1,-1,-1,-1
784,131,1127.17,623.00,44.67,129.14,1,-1,-1,-1
784,132,150.18,327.93,55.03,111.52,1,-1,-1,-1
784,140,899.37,347.14,57.59,106.95,1,-1,-1,-1
785,131,1127.17,623.72,44.67,129.02,1,-1,-1,-1
785,140,899.33,346.72,57.12,106.31,1,-1,-1,-1
786,131,1127.06,622.67,44.88,129.64,1,-1,-1,-1
786,140,899.36,346.60,56.88,106.06,1,-1,-1,-1
787,131,1127.11,622.26,44.77,129.22,1,-1,-1,-1
787,140,899.29,345.26,56.34,105.31,1,-1,-1,-1
788,131,1127.13,622.10,44.74,129.06,1,-1,-1,-1
788,140,899.37,345.46,55.28,103.05,1,-1,-1,-1
789,131,1127.03,622.04,44.95,129.66,1,-1,-1,-1
789,140,899.07,344.70,55.05,102.61,1,-1,-1,-1
790,131,1126.89,622.02,45.21,130.55,1,-1,-1,-1
790,143,2.33,674.21,3.15,133.02,1,-1,-1,-1
791,131,1126.85,622.01,45.29,130.88,1,-1,-1,-1
791,143,2.80,673.93,3.27,132.29,1,-1,-1,-1
792,131,1126.85,622.66,45.31,131.01,1,-1,-1,-1
792,132,153.14,319.96,53.82,108.17,1,-1,-1,-1
792,140,897.00,339.37,56.07,104.60,1,-1,-1,-1
792,143,3.55,670.91,3.56,133.52,1,-1,-1,-1
793,131,1126.95,622.25,45.10,130.39,1,-1,-1,-1
793,132,154.35,318.97,53.64,107.29,1,-1,-1,-1
793,140,896.52,337.42,56.71,105.52,1,-1,-1,-1
793,143,4.02,669.22,3.89,133.22,1,-1,-1,-1
794,131,1126.99,621.43,45.02,130.15,1,-1,-1,-1
794,132,154.86,317.93,53.51,107.01,1,-1,-1,-1
794,140,896.07,336.09,56.82,105.18,1,-1,-1,-1
794,143,4.39,669.39,4.23,130.30,1,-1,-1,-1
795,131,1126.91,621.12,45.18,130.72,1,-1,-1,-1
795,140,895.67,334.92,56.80,105.14,1,-1,-1,-1
795,143,4.98,667.42,4.79,129.95,1,-1,-1,-1
796,131,1126.89,621.03,45.21,130.80,1,-1,-1,-1
796,140,894.85,333.16,57.36,105.80,1,-1,-1,-1
796,143,5.29,665.40,5.42,129.84,1,-1,-1,-1
797,131,1126.44,620.21,45.35,130.97,1,-1,-1,-1
797,140,894.41,331.93,57.38,105.84,1,-1,-1,-1
797,143,5.81,664.03,6.12,127.79,1,-1,-1,-1
798,131,1126.31,620.01,45.43,131.02,1,-1,-1,-1
798,143,6.32,662.91,7.06,128.41,1,-1,-1,-1
799,131,1126.63,620.61,45.39,131.04,1,-1,-1,-1
799,143,6.80,661.88,8.10,128.65,1,-1,-1,-1
800,131,1126.20,622.16,45.16,130.38,1,-1,-1,-1
800,143,7.55,660.63,8.08,128.29,1,-1,-1,-1
801,131,1126.51,624.07,44.78,128.80,1,-1,-1,-1
802,131,1126.69,624.12,44.53,127.55,1,-1,-1,-1
802,140,892.61,326.92,57.70,106.00,1,-1,-1,-1
803,131,1126.89,624.79,44.82,128.41,1,-1,-1,-1
803,140,892.22,325.78,57.72,106.03,1,-1,-1,-1
804,131,1126.93,625.10,44.77,128.25,1,-1,-1,-1
804,132,156.88,307.99,55.32,110.84,1,-1,-1,-1
804,140,891.91,323.34,58.05,106.01,1,-1,-1,-1
805,131,1126.66,625.09,44.83,128.02,1,-1,-1,-1
805,132,157.17,306.98,55.41,111.02,1,-1,-1,-1
805,140,890.61,321.35,58.47,106.69,1,-1,-1,-1
806,131,1126.65,625.80,44.72,127.27,1,-1,-1,-1
806,132,156.19,303.64,55.35,111.04,1,-1,-1,-1
806,140,890.14,320.01,58.53,106.79,1,-1,-1,-1
807,131,1126.51,626.04,44.97,127.68,1,-1,-1,-1
807,132,157.13,302.13,55.14,111.07,1,-1,-1,-1
808,131,1126.43,626.12,45.12,127.84,1,-1,-1,-1
808,132,157.50,300.30,54.98,111.08,1,-1,-1,-1
809,131,1126.38,626.14,45.22,127.90,1,-1,-1,-1
809,132,158.19,298.99,55.11,111.73,1,-1,-1,-1
810,131,1126.34,626.13,45.31,127.93,1,-1,-1,-1
810,132,158.49,297.89,55.08,111.98,1,-1,-1,-1
811,131,1126.30,626.12,45.38,127.95,1,-1,-1,-1
811,132,158.76,296.59,55.17,112.18,1,-1,-1,-1
812,131,1125.89,625.45,45.54,127.95,1,-1,-1,-1
813,131,1125.80,626.51,45.48,127.30,1,-1,-1,-1
813,144,1.95,638.62,37.90,130.81,1,-1,-1,-1
814,131,1125.52,624.92,45.95,128.38,1,-1,-1,-1
814,140,884.84,311.90,57.50,105.10,1,-1,-1,-1
814,144,2.20,637.12,38.10,131.49,1,-1,-1,-1
815,131,1125.77,623.66,46.08,128.79,1,-1,-1,-1
815,140,884.25,310.75,57.45,105.01,1,-1,-1,-1
815,144,3.80,635.08,38.04,130.27,1,-1,-1,-1
816,131,1125.59,622.52,46.03,128.94,1,-1,-1,-1
816,140,881.88,309.92,57.19,104.19,1,-1,-1,-1
816,144,4.31,634.58,38.37,130.12,1,-1,-1,-1
817,131,1125.45,622.10,46.14,129.00,1,-1,-1,-1
817,140,880.87,308.26,57.38,104.01,1,-1,-1,-1
817,144,5.42,633.06,39.37,131.47,1,-1,-1,-1
818,131,1125.48,621.94,46.03,128.36,1,-1,-1,-1
818,140,880.06,307.03,57.72,103.95,1,-1,-1,-1
818,144,6.21,631.64,39.47,131.82,1,-1,-1,-1
819,131,1125.84,621.90,45.95,128.12,1,-1,-1,-1
819,140,879.01,305.28,58.72,105.26,1,-1,-1,-1
820,131,1125.60,622.55,46.02,128.02,1,-1,-1,-1
820,132,164.83,285.00,53.19,108.19,1,-1,-1,-1
820,140,878.86,305.33,58.68,105.09,1,-1,-1,-1
821,131,1125.85,624.13,46.01,127.99,1,-1,-1,-1
821,132,165.65,283.91,53.35,108.70,1,-1,-1,-1
821,140,878.54,304.74,58.57,105.03,1,-1,-1,-1
822,131,1125.95,624.06,46.00,127.98,1,-1,-1,-1
822,132,166.20,282.64,53.28,108.56,1,-1,-1,-1
822,140,877.66,303.90,58.80,105.67,1,-1,-1,-1
823,131,1125.51,624.04,46.30,128.64,1,-1,-1,-1
823,140,876.97,302.88,58.84,105.73,1,-1,-1,-1
824,131,1125.80,624.03,46.15,128.23,1,-1,-1,-1
824,132,167.55,280.02,52.86,108.04,1,-1,-1,-1
825,131,1125.92,624.02,46.08,128.07,1,-1,-1,-1
825,132,168.12,278.74,52.78,107.88,1,-1,-1,-1
826,131,1125.59,624.02,46.15,128.01,1,-1,-1,-1
827,131,1125.06,623.35,46.32,127.99,1,-1,-1,-1
828,131,1125.19,623.76,46.38,127.99,1,-1,-1,-1
828,140,872.50,293.33,59.14,106.00,1,-1,-1,-1
829,131,1125.12,623.26,46.65,128.65,1,-1,-1,-1
829,140,871.34,292.67,58.82,105.33,1,-1,-1,-1
830,131,1125.19,623.07,46.56,128.24,1,-1,-1,-1
830,140,870.28,291.78,58.74,105.11,1,-1,-1,-1
831,131,1124.93,623.00,46.44,127.42,1,-1,-1,-1
831,140,869.44,290.50,58.72,105.07,1,-1,-1,-1
831,144,17.08,616.95,40.83,124.17,1,-1,-1,-1
832,131,1125.17,622.98,46.40,127.11,1,-1,-1,-1
832,144,17.72,616.65,43.63,123.93,1,-1,-1,-1
833,131,1125.24,622.97,46.42,127.00,1,-1,-1,-1
833,140,867.70,289.68,57.78,104.15,1,-1,-1,-1
833,144,17.74,613.84,46.22,125.19,1,-1,-1,-1
834,131,1125.25,623.63,46.46,126.96,1,-1,-1,-1
834,140,866.84,288.58,57.72,104.03,1,-1,-1,-1
834,144,18.20,610.85,48.19,126.33,1,-1,-1,-1
835,131,1125.23,623.88,46.52,127.61,1,-1,-1,-1
835,144,18.27,608.45,49.73,127.43,1,-1,-1,-1
836,131,1125.23,623.93,46.51,127.59,1,-1,-1,-1
836,144,18.65,606.28,50.83,127.85,1,-1,-1,-1
837,131,1125.73,623.22,46.31,127.12,1,-1,-1,-1
837,144,19.31,604.20,51.46,128.00,1,-1,-1,-1
838,131,1126.03,623.06,46.57,128.37,1,-1,-1,-1
838,144,20.04,602.82,51.98,128.05,1,-1,-1,-1
839,131,1125.91,623.00,46.44,128.15,1,-1,-1,-1
839,144,21.09,601.70,52.52,128.06,1,-1,-1,-1
840,131,1125.98,622.99,46.17,128.07,1,-1,-1,-1
840,144,22.13,600.07,52.57,128.19,1,-1,-1,-1
841,131,1126.34,623.64,46.05,128.03,1,-1,-1,-1
842,131,1126.89,623.89,45.84,128.02,1,-1,-1,-1
843,131,1127.04,623.98,45.86,128.67,1,-1,-1,-1
844,131,1127.14,624.04,45.90,128.76,1,-1,-1,-1
846,131,1126.69,624.87,45.87,128.99,1,-1,-1,-1
847,131,1126.76,625.00,45.58,128.34,1,-1,-1,-1
848,131,1126.32,625.04,45.76,128.78,1,-1,-1,-1
849,131,1126.35,625.06,45.44,127.63,1,-1,-1,-1
850,131,1126.33,625.06,45.36,127.19,1,-1,-1,-1
851,131,1126.31,625.71,45.38,127.03,1,-1,-1,-1
852,131,1126.66,625.96,45.32,126.97,1,-1,-1,-1
853,131,1126.80,626.04,45.28,126.95,1,-1,-1,-1
854,131,1126.48,625.41,45.35,127.61,1,-1,-1,-1
855,131,1126.31,625.16,45.49,127.86,1,-1,-1,-1
856,131,1126.70,625.73,45.27,127.30,1,-1,-1,-1
857,131,1126.86,625.94,45.18,127.08,1,-1,-1,-1
858,131,1127.02,626.68,44.94,126.34,1,-1,-1,-1
859,131,1126.50,626.29,45.36,127.39,1,-1,-1,-1
860,131,1126.29,626.80,45.54,127.79,1,-1,-1,-1
861,131,1126.20,626.98,45.63,127.94,1,-1,-1,-1
862,131,1126.05,627.05,45.88,128.66,1,-1,-1,-1
863,131,1126.00,627.07,45.98,128.92,1,-1,-1,-1
864,131,1126.08,627.07,45.81,128.36,1,-1,-1,-1
865,131,1126.11,627.73,45.77,128.14,1,-1,-1,-1
866,131,1126.21,627.97,45.56,127.40,1,-1,-1,-1
867,131,1126.20,628.15,45.54,127.34,1,-1,-1,-1
868,131,1126.12,627.29,45.74,127.84,1,-1,-1,-1
869,131,1125.89,627.12,46.21,129.30,1,-1,-1,-1
870,131,1125.92,626.40,46.15,129.16,1,-1,-1,-1
871,131,1125.83,626.12,46.32,129.76,1,-1,-1,-1
872,131,1125.82,626.68,46.36,129.98,1,-1,-1,-1
873,131,1125.92,626.89,46.15,129.40,1,-1,-1,-1
874,131,1125.96,626.97,46.07,129.17,1,-1,-1,-1
875,131,1126.36,627.00,45.94,129.08,1,-1,-1,-1
876,131,1126.43,626.35,46.04,129.70,1,-1,-1,-1
877,131,1126.21,626.77,45.91,129.28,1,-1,-1,-1
878,131,1126.02,626.26,46.07,129.77,1,-1,-1,-1
879,131,1126.16,626.73,45.72,128.64,1,-1,-1,-1
880,131,1126.09,626.91,45.82,128.87,1,-1,-1,-1
881,131,1126.07,626.98,45.86,128.95,1,-1,-1,-1
882,131,1126.53,627.00,45.59,128.32,1,-1,-1,-1
883,131,1126.62,625.69,45.66,128.75,1,-1,-1,-1
884,131,1126.66,625.57,45.65,128.74,1,-1,-1,-1
885,131,1125.80,625.88,45.86,128.94,1,-1,-1,-1
886,131,1126.06,625.94,45.68,128.31,1,-1,-1,-1
887,131,1126.04,625.96,45.84,128.75,1,-1,-1,-1
888,131,1126.13,626.63,45.71,128.25,1,-1,-1,-1
889,131,1126.15,626.22,45.68,128.07,1,-1,-1,-1
890,131,1125.95,625.41,46.09,129.32,1,-1,-1,-1
891,131,1125.88,625.10,46.23,129.79,1,-1,-1,-1
892,131,1125.49,623.67,46.36,129.97,1,-1,-1,-1
893,131,1125.22,622.48,46.64,130.69,1,-1,-1,-1
894,131,1125.69,623.35,46.27,129.64,1,-1,-1,-1
895,131,1125.98,625.02,45.92,128.57,1,-1,-1,-1
896,131,1125.88,624.34,46.20,129.50,1,-1,-1,-1
897,131,1125.85,624.74,46.29,129.84,1,-1,-1,-1
898,131,1125.95,624.24,46.10,129.31,1,-1,-1,-1
899,131,1125.89,624.05,46.23,129.77,1,-1,-1,-1
900,131,1125.32,623.98,46.05,128.62,1,-1,-1,-1
901,131,1125.62,623.30,45.60,126.86,1,-1,-1,-1
902,131,1125.90,623.71,45.12,124.87,1,-1,-1,-1
903,131,1125.45,623.87,45.37,124.80,1,-1,-1,-1
904,131,1125.11,623.93,45.82,125.46,1,-1,-1,-1
905,131,1124.76,624.62,45.78,124.40,1,-1,-1,-1
906,131,1124.43,624.22,46.17,124.67,1,-1,-1,-1
907,131,1124.71,625.39,46.17,124.12,1,-1,-1,-1
908,131,1124.67,625.17,46.49,124.59,1,-1,-1,-1
909,131,1124.78,626.41,47.01,126.10,1,-1,-1,-1
910,131,1125.20,626.21,47.10,126.68,1,-1,-1,-1
911,131,1124.75,625.47,47.05,126.24,1,-1,-1,-1
912,131,1124.93,625.18,46.99,126.07,1,-1,-1,-1
913,131,1124.61,625.73,47.07,126.01,1,-1,-1,-1
914,131,1124.09,625.28,47.24,125.99,1,-1,-1,-1
915,131,1124.12,625.10,47.52,126.64,1,-1,-1,-1
916,131,1124.60,625.69,47.34,126.23,1,-1,-1,-1
917,131,1124.42,625.26,47.36,126.07,1,-1,-1,-1
918,131,1124.71,625.09,47.30,126.01,1,-1,-1,-1
919,131,1124.66,625.03,46.94,124.67,1,-1,-1,-1
920,131,1124.01,624.34,47.40,125.49,1,-1,-1,-1
921,131,1123.41,624.09,48.29,127.79,1,-1,-1,-1
922,131,1123.30,623.98,48.36,127.98,1,-1,-1,-1
927,131,1124.21,627.68,47.45,125.28,1,-1,-1,-1
928,131,1124.37,627.98,47.23,124.35,1,-1,-1,-1
929,131,1124.38,628.08,47.23,124.05,1,-1,-1,-1
930,131,1124.08,628.11,47.18,123.28,1,-1,-1,-1
931,131,1123.90,627.44,47.29,123.00,1,-1,-1,-1
931,155,377.86,729.20,57.73,138.22,1,-1,-1,-1
932,131,1123.85,626.52,47.97,124.90,1,-1,-1,-1
932,155,377.70,728.70,57.60,137.90,1,-1,-1,-1
933,131,1123.84,626.52,47.97,124.88,1,-1,-1,-1
934,131,1124.41,626.11,47.89,124.97,1,-1,-1,-1
935,131,1124.39,626.02,47.47,123.63,1,-1,-1,-1
936,131,1124.45,625.97,47.41,123.48,1,-1,-1,-1
940,131,1123.91,624.15,48.23,125.73,1,-1,-1,-1
941,131,1124.28,623.98,48.14,125.95,1,-1,-1,-1
942,131,1124.45,623.93,48.03,126.02,1,-1,-1,-1
943,131,1124.54,623.91,47.92,126.05,1,-1,-1,-1
944,131,1124.32,623.26,47.72,125.39,1,-1,-1,-1
944,155,375.26,704.10,59.47,142.95,1,-1,-1,-1
945,131,1124.23,623.67,47.68,125.14,1,-1,-1,-1
945,155,375.51,703.45,58.88,141.72,1,-1,-1,-1
946,131,1124.22,623.53,47.67,125.13,1,-1,-1,-1
946,155,375.17,702.57,59.53,143.95,1,-1,-1,-1
947,155,374.46,700.98,59.65,144.77,1,-1,-1,-1
948,131,1124.79,624.73,47.28,124.17,1,-1,-1,-1
948,155,374.19,699.36,59.83,145.21,1,-1,-1,-1
949,131,1124.49,624.23,47.31,124.02,1,-1,-1,-1
949,155,372.91,697.94,59.05,143.59,1,-1,-1,-1
950,131,1124.36,624.06,47.37,123.97,1,-1,-1,-1
950,155,372.53,696.34,59.14,143.81,1,-1,-1,-1
951,131,1123.80,623.34,47.76,124.62,1,-1,-1,-1
952,131,1123.73,622.41,48.29,126.18,1,-1,-1,-1
953,131,1123.55,622.72,48.13,125.46,1,-1,-1,-1
954,131,1123.35,622.85,48.35,125.84,1,-1,-1,-1
955,131,1123.15,622.90,48.67,126.64,1,-1,-1,-1
956,131,1123.07,622.27,48.81,126.93,1,-1,-1,-1
957,131,1123.64,624.01,48.34,125.72,1,-1,-1,-1
957,162,467.15,323.19,57.50,101.81,1,-1,-1,-1
958,131,1123.62,624.05,48.35,125.76,1,-1,-1,-1
958,162,467.20,322.51,57.88,102.49,1,-1,-1,-1
959,131,1124.34,624.02,48.01,125.17,1,-1,-1,-1
960,131,1124.14,624.69,47.97,125.05,1,-1,-1,-1
961,131,1124.07,623.60,47.96,125.00,1,-1,-1,-1
961,162,466.56,319.07,58.01,103.08,1,-1,-1,-1
962,131,1124.09,623.57,47.95,124.96,1,-1,-1,-1
962,162,466.93,318.04,57.91,103.14,1,-1,-1,-1
963,162,466.89,317.10,58.12,103.51,1,-1,-1,-1
964,131,1123.89,623.08,48.24,125.83,1,-1,-1,-1
964,162,467.27,313.63,58.27,103.98,1,-1,-1,-1
965,131,1123.88,623.00,48.26,125.96,1,-1,-1,-1
965,162,467.28,312.34,58.48,104.36,1,-1,-1,-1
966,131,1123.88,623.64,48.25,126.01,1,-1,-1,-1
967,131,1123.89,623.88,48.23,126.02,1,-1,-1,-1
968,131,1124.11,623.97,47.78,124.71,1,-1,-1,-1
969,131,1124.13,624.00,47.75,124.61,1,-1,-1,-1
970,164,196.24,448.77,51.88,112.42,1,-1,-1,-1
971,164,197.48,447.44,51.69,111.91,1,-1,-1,-1
972,164,198.43,447.06,51.36,111.19,1,-1,-1,-1
976,131,1124.51,622.10,46.98,122.09,1,-1,-1,-1
977,131,1124.56,621.97,46.89,121.85,1,-1,-1,-1
978,165,181.19,315.98,48.15,105.24,1,-1,-1,-1
979,131,1124.60,621.96,46.81,121.05,1,-1,-1,-1
979,165,181.62,315.19,47.75,104.26,1,-1,-1,-1
980,131,1124.43,621.95,47.15,121.62,1,-1,-1,-1
980,165,181.95,314.79,47.56,103.83,1,-1,-1,-1
981,131,1124.46,621.86,47.08,121.44,1,-1,-1,-1
983,131,1124.82,621.95,47.20,121.86,1,-1,-1,-1
984,131,1124.89,621.88,47.16,121.76,1,-1,-1,-1
985,131,1124.22,621.96,46.98,120.35,1,-1,-1,-1
986,131,1124.23,621.91,46.89,120.11,1,-1,-1,-1
988,131,1124.35,622.82,46.32,117.39,1,-1,-1,-1
989,131,1124.00,622.96,46.98,118.36,1,-1,-1,-1
990,131,1123.81,622.34,47.34,118.68,1,-1,-1,-1
990,164,218.72,425.05,52.51,112.96,1,-1,-1,-1
991,131,1123.58,622.77,47.79,119.47,1,-1,-1,-1
991,164,220.20,423.96,53.00,113.66,1,-1,-1,-1
992,131,1123.46,622.27,48.03,119.78,1,-1,-1,-1
992,164,221.46,422.94,53.01,113.26,1,-1,-1,-1
993,131,1123.67,622.08,48.29,120.56,1,-1,-1,-1
993,164,222.39,421.93,53.33,113.76,1,-1,-1,-1
994,131,1123.67,622.04,48.30,120.58,1,-1,-1,-1
994,164,223.54,420.81,53.37,113.86,1,-1,-1,-1
994,165,190.55,293.09,46.84,100.98,1,-1,-1,-1
995,164,225.11,419.93,53.51,113.99,1,-1,-1,-1
995,165,191.15,291.69,46.73,100.75,1,-1,-1,-1
996,164,226.09,419.62,53.21,113.35,1,-1,-1,-1
997,164,227.27,418.61,53.22,113.37,1,-1,-1,-1
997,165,194.48,288.98,46.33,98.33,1,-1,-1,-1
998,165,194.76,289.26,46.71,97.97,1,-1,-1,-1
999,165,195.27,288.02,47.35,98.52,1,-1,-1,-1
1000,164,229.74,415.07,51.95,109.50,1,-1,-1,-1
1000,165,194.81,288.26,47.50,98.07,1,-1,-1,-1
1001,164,230.85,414.00,51.78,109.15,1,-1,-1,-1
1001,165,195.49,287.23,47.34,97.75,1,-1,-1,-1
1002,164,231.95,412.19,52.01,108.96,1,-1,-1,-1
1002,165,196.37,285.26,47.15,97.09,1,-1,-1,-1
1003,164,233.07,411.05,51.85,108.62,1,-1,-1,-1
1003,165,197.42,282.67,47.56,97.60,1,-1,-1,-1
1004,165,197.88,279.80,48.18,98.44,1,-1,-1,-1
1005,164,233.55,407.26,53.21,110.55,1,-1,-1,-1
1005,165,198.24,278.77,47.97,97.44,1,-1,-1,-1
1006,164,234.52,405.96,53.18,110.48,1,-1,-1,-1
1006,165,198.81,277.78,48.31,97.74,1,-1,-1,-1
1007,165,199.08,276.13,48.25,97.19,1,-1,-1,-1
1008,164,236.62,403.91,53.61,110.90,1,-1,-1,-1
1008,165,200.15,274.91,48.24,96.99,1,-1,-1,-1
1009,164,237.61,402.66,53.61,110.89,1,-1,-1,-1
1009,165,200.87,273.52,48.14,96.78,1,-1,-1,-1
1010,165,201.38,272.03,49.06,98.47,1,-1,-1,-1
1011,165,201.97,270.88,49.14,98.15,1,-1,-1,-1
1012,164,243.03,398.10,53.35,110.09,1,-1,-1,-1
1012,165,202.67,269.50,49.11,98.11,1,-1,-1,-1
1013,164,244.26,396.78,53.31,110.01,1,-1,-1,-1
1013,165,202.61,267.25,49.17,98.01,1,-1,-1,-1
1013,170,0.97,370.41,34.07,108.24,1,-1,-1,-1
1014,164,246.27,395.89,53.10,109.98,1,-1,-1,-1
1014,165,203.24,265.78,49.15,97.97,1,-1,-1,-1
1014,170,1.36,368.33,34.04,108.02,1,-1,-1,-1
1015,164,247.56,394.61,53.06,109.91,1,-1,-1,-1
1015,165,203.46,263.28,49.26,97.98,1,-1,-1,-1
1015,170,1.52,366.95,33.99,107.86,1,-1,-1,-1
1016,165,204.62,261.23,49.90,99.33,1,-1,-1,-1
1016,171,346.61,587.20,57.96,123.38,1,-1,-1,-1
1017,165,205.27,259.60,49.96,99.44,1,-1,-1,-1
1017,171,346.77,584.61,58.12,123.58,1,-1,-1,-1
1018,165,204.63,257.22,51.16,102.23,1,-1,-1,-1
1018,171,345.70,583.09,58.21,123.71,1,-1,-1,-1
1019,165,205.13,255.51,51.35,102.62,1,-1,-1,-1
1019,171,344.31,580.50,58.91,125.22,1,-1,-1,-1
1020,164,253.02,386.15,53.09,110.90,1,-1,-1,-1
1020,171,343.69,577.57,59.45,126.46,1,-1,-1,-1
1021,164,254.21,384.90,52.74,111.67,1,-1,-1,-1
1021,165,206.36,255.39,49.59,98.85,1,-1,-1,-1
1021,171,343.13,575.69,59.56,126.70,1,-1,-1,-1
1022,164,255.57,383.16,52.70,112.59,1,-1,-1,-1
1022,165,206.90,254.00,49.56,98.80,1,-1,-1,-1
1023,164,256.66,381.89,52.09,112.27,1,-1,-1,-1
1024,164,257.65,380.81,51.29,110.82,1,-1,-1,-1
1025,164,259.07,379.80,50.79,109.60,1,-1,-1,-1
1026,164,260.07,378.81,50.24,107.82,1,-1,-1,-1
1027,164,261.26,377.83,50.32,107.82,1,-1,-1,-1
1028,164,262.40,376.55,50.18,107.52,1,-1,-1,-1
1029,164,261.93,373.49,50.82,108.61,1,-1,-1,-1
1030,164,262.71,372.01,50.77,108.15,1,-1,-1,-1
1031,164,263.67,370.53,50.68,107.96,1,-1,-1,-1
1032,164,263.50,368.23,52.19,111.08,1,-1,-1,-1
1033,164,263.66,366.89,52.32,111.75,1,-1,-1,-1
1034,164,264.43,365.35,52.43,111.97,1,-1,-1,-1
1035,164,266.14,364.73,51.48,109.71,1,-1,-1,-1
1036,164,267.00,363.29,51.47,109.68,1,-1,-1,-1
1036,174,544.60,731.43,63.84,132.54,1,-1,-1,-1
1037,174,543.01,729.43,64.08,132.96,1,-1,-1,-1
1038,174,542.08,728.08,64.22,133.08,1,-1,-1,-1
1039,174,541.53,726.89,64.36,133.35,1,-1,-1,-1
1041,176,218.60,224.98,48.38,94.78,1,-1,-1,-1
1042,174,540.93,721.17,62.17,128.46,1,-1,-1,-1
1042,176,219.03,224.80,48.55,95.10,1,-1,-1,-1
1043,164,277.16,354.92,51.30,109.02,1,-1,-1,-1
1043,174,540.33,718.48,62.33,128.70,1,-1,-1,-1
1043,176,220.15,224.95,47.65,93.30,1,-1,-1,-1
1044,164,278.43,353.88,51.13,108.29,1,-1,-1,-1
1044,174,539.92,716.81,62.13,128.27,1,-1,-1,-1
1044,176,220.59,222.75,47.83,93.75,1,-1,-1,-1
1045,164,278.94,352.87,50.91,107.39,1,-1,-1,-1
1045,174,537.97,715.03,62.66,129.56,1,-1,-1,-1
1045,176,220.52,221.35,47.58,93.20,1,-1,-1,-1
1046,164,279.83,351.87,50.66,107.06,1,-1,-1,-1
1046,174,537.35,713.35,62.56,129.36,1,-1,-1,-1
1046,176,221.37,219.50,48.48,95.08,1,-1,-1,-1
1047,164,280.81,351.54,50.53,106.94,1,-1,-1,-1
1047,176,221.87,218.57,48.57,95.27,1,-1,-1,-1
1048,164,282.33,350.81,50.07,106.24,1,-1,-1,-1
1049,164,283.46,349.73,49.94,105.97,1,-1,-1,-1
1049,176,223.41,214.37,47.26,92.50,1,-1,-1,-1
1050,164,284.44,348.92,50.12,106.72,1,-1,-1,-1
1050,176,223.69,212.34,46.96,92.09,1,-1,-1,-1
1051,164,285.63,347.28,49.78,106.18,1,-1,-1,-1
1051,176,224.63,212.35,46.51,91.28,1,-1,-1,-1
1052,164,286.59,346.06,49.88,106.66,1,-1,-1,-1
1052,176,224.82,210.39,46.62,91.66,1,-1,-1,-1
1053,164,288.01,344.98,49.70,106.18,1,-1,-1,-1
1053,176,225.85,209.71,46.04,90.48,1,-1,-1,-1
1054,164,289.28,343.95,49.40,105.34,1,-1,-1,-1
1054,176,226.58,209.51,46.43,91.39,1,-1,-1,-1
1055,164,290.10,342.28,49.86,106.36,1,-1,-1,-1
1055,176,226.47,208.81,46.63,91.73,1,-1,-1,-1
1056,164,291.03,341.04,50.02,106.75,1,-1,-1,-1
1056,176,227.06,206.60,46.72,91.87,1,-1,-1,-1
1057,164,291.08,339.29,50.60,108.22,1,-1,-1,-1
1057,176,227.60,205.44,46.67,91.77,1,-1,-1,-1
1058,164,292.04,338.05,50.66,108.34,1,-1,-1,-1
1058,176,228.37,203.28,47.02,92.71,1,-1,-1,-1
1059,176,228.92,202.01,47.03,92.73,1,-1,-1,-1
1060,164,294.01,335.09,50.94,108.94,1,-1,-1,-1
1061,164,294.45,334.62,50.72,108.35,1,-1,-1,-1
1062,164,295.25,333.80,50.68,108.14,1,-1,-1,-1
1062,176,230.43,198.91,48.05,95.64,1,-1,-1,-1
1063,164,297.87,334.20,49.90,106.08,1,-1,-1,-1
1063,174,532.54,684.01,61.81,126.00,1,-1,-1,-1
1063,176,230.90,197.91,47.55,95.30,1,-1,-1,-1
1064,164,299.16,334.40,49.60,105.30,1,-1,-1,-1
1064,174,532.25,682.29,61.71,125.80,1,-1,-1,-1
1064,176,231.39,196.72,47.66,95.52,1,-1,-1,-1
1065,164,300.29,333.54,49.48,105.05,1,-1,-1,-1
1065,176,232.13,195.90,46.87,94.39,1,-1,-1,-1
1066,176,232.95,194.24,46.83,94.83,1,-1,-1,-1
1067,176,233.32,192.35,46.00,93.00,1,-1,-1,-1
1068,174,530.51,673.20,62.02,125.92,1,-1,-1,-1
1068,176,234.47,190.36,45.60,92.31,1,-1,-1,-1
1069,174,530.18,671.27,61.96,125.81,1,-1,-1,-1
1069,176,235.05,189.01,45.52,92.15,1,-1,-1,-1
1071,176,235.87,186.05,45.38,91.98,1,-1,-1,-1
1072,176,236.42,184.66,45.31,91.83,1,-1,-1,-1
1073,164,311.75,322.17,49.30,103.97,1,-1,-1,-1
1074,164,313.07,320.97,49.21,103.79,1,-1,-1,-1
1075,164,313.83,319.95,49.53,104.71,1,-1,-1,-1
1076,164,314.98,318.93,49.26,104.21,1,-1,-1,-1
1077,164,316.16,317.92,48.91,103.37,1,-1,-1,-1
1078,164,316.69,316.26,49.17,103.72,1,-1,-1,-1
1079,164,317.61,315.02,49.06,103.20,1,-1,-1,-1
1080,164,318.39,313.94,48.71,102.34,1,-1,-1,-1
1081,164,319.55,312.25,48.77,102.69,1,-1,-1,-1
1082,164,321.31,309.68,49.37,104.16,1,-1,-1,-1
1082,174,523.40,643.05,64.23,129.91,1,-1,-1,-1
1083,164,322.48,308.27,49.37,104.16,1,-1,-1,-1
1083,174,523.38,640.98,64.67,130.04,1,-1,-1,-1
1084,174,522.96,638.86,64.77,130.26,1,-1,-1,-1
1085,176,243.05,168.96,45.88,92.95,1,-1,-1,-1
1086,176,243.57,167.72,45.90,92.99,1,-1,-1,-1
1093,174,521.62,622.90,63.68,127.17,1,-1,-1,-1
1093,176,248.18,159.00,45.57,92.06,1,-1,-1,-1
1093,185,867.56,461.60,51.24,111.57,1,-1,-1,-1
1094,174,520.77,621.00,64.58,128.41,1,-1,-1,-1
1094,176,248.35,157.23,45.63,92.00,1,-1,-1,-1
1094,185,867.26,460.24,50.45,109.85,1,-1,-1,-1
1095,174,521.11,619.70,64.97,128.80,1,-1,-1,-1
1095,176,248.52,156.64,45.44,91.32,1,-1,-1,-1
1096,174,520.42,617.96,65.44,129.61,1,-1,-1,-1
1096,176,248.54,156.47,45.42,91.06,1,-1,-1,-1
1097,164,336.11,291.95,49.85,104.00,1,-1,-1,-1
1097,174,520.17,616.14,65.50,129.73,1,-1,-1,-1
1097,176,248.50,155.13,45.46,90.97,1,-1,-1,-1
1098,164,335.78,290.92,50.41,104.00,1,-1,-1,-1
1098,176,248.18,153.34,45.38,90.95,1,-1,-1,-1
1099,164,336.70,289.73,50.40,103.99,1,-1,-1,-1
1099,176,248.51,152.13,45.32,90.82,1,-1,-1,-1
1100,176,248.54,150.98,45.13,90.15,1,-1,-1,-1
1101,164,337.26,289.60,50.85,104.00,1,-1,-1,-1
1101,176,248.67,149.93,45.56,90.67,1,-1,-1,-1
1102,164,337.77,288.89,50.77,103.31,1,-1,-1,-1
1102,176,248.97,148.75,45.51,90.57,1,-1,-1,-1
1103,164,338.94,287.99,50.73,102.41,1,-1,-1,-1
1104,164,339.40,285.69,50.63,101.41,1,-1,-1,-1
1105,164,340.11,284.20,51.43,102.38,1,-1,-1,-1
1105,176,249.90,145.91,46.10,91.80,1,-1,-1,-1
1106,164,340.82,283.02,51.45,101.42,1,-1,-1,-1
1106,176,250.20,144.80,46.12,91.85,1,-1,-1,-1
1107,164,341.18,281.30,51.87,101.73,1,-1,-1,-1
1108,164,342.00,280.09,51.78,101.57,1,-1,-1,-1
1109,164,342.05,279.76,52.97,103.44,1,-1,-1,-1
1110,164,342.50,279.56,53.20,103.16,1,-1,-1,-1
1110,176,250.77,140.03,45.63,91.09,1,-1,-1,-1
1111,164,342.79,278.85,53.64,103.72,1,-1,-1,-1
1111,176,251.40,139.66,45.78,91.71,1,-1,-1,-1
1112,164,343.78,277.95,53.98,103.93,1,-1,-1,-1
1112,176,251.77,138.86,45.50,91.25,1,-1,-1,-1
1113,164,344.21,277.65,53.94,103.35,1,-1,-1,-1
1113,176,252.45,138.60,45.63,91.74,1,-1,-1,-1
1114,164,344.93,276.76,53.96,103.37,1,-1,-1,-1
1114,176,252.76,137.66,45.65,91.77,1,-1,-1,-1
1115,176,253.55,136.94,45.64,91.96,1,-1,-1,-1
1116,176,254.32,136.00,45.19,91.33,1,-1,-1,-1
1117,176,254.62,135.69,44.96,91.10,1,-1,-1,-1
1118,164,348.46,273.01,53.95,103.04,1,-1,-1,-1
1118,176,255.02,134.94,44.27,89.69,1,-1,-1,-1
1119,164,349.24,272.03,53.65,102.32,1,-1,-1,-1
1119,176,255.57,134.70,43.85,88.50,1,-1,-1,-1
1120,164,350.03,271.11,53.60,102.23,1,-1,-1,-1
1120,176,256.39,133.31,43.79,88.06,1,-1,-1,-1
1121,164,351.15,270.82,52.75,100.47,1,-1,-1,-1
1121,176,256.36,131.49,44.40,89.24,1,-1,-1,-1
1122,164,351.97,269.97,52.61,100.20,1,-1,-1,-1
1122,176,256.70,129.52,44.54,89.69,1,-1,-1,-1
1123,176,257.10,128.45,44.50,89.61,1,-1,-1,-1
1127,176,259.23,124.93,45.35,91.76,1,-1,-1,-1
1127,188,1125.25,590.02,47.52,126.56,1,-1,-1,-1
1128,176,259.67,123.92,45.42,91.91,1,-1,-1,-1
1128,188,1125.48,590.05,47.10,125.53,1,-1,-1,-1
1129,188,1125.57,590.05,46.91,125.16,1,-1,-1,-1
1130,188,1125.23,589.32,47.57,127.18,1,-1,-1,-1
1131,164,358.81,260.07,52.38,99.94,1,-1,-1,-1
1131,188,1125.19,589.23,47.73,127.60,1,-1,-1,-1
1132,164,359.64,258.33,51.88,99.26,1,-1,-1,-1
1132,188,1125.28,589.02,47.47,127.19,1,-1,-1,-1
1133,164,360.42,257.25,51.80,99.09,1,-1,-1,-1
1133,188,1125.25,588.91,47.58,127.47,1,-1,-1,-1
1139,188,1126.29,587.06,47.34,128.05,1,-1,-1,-1
1139,190,837.71,403.98,48.01,112.00,1,-1,-1,-1
1140,164,368.36,249.99,52.97,101.82,1,-1,-1,-1
1140,176,264.81,110.04,44.41,90.07,1,-1,-1,-1
1140,188,1126.02,586.95,47.29,128.77,1,-1,-1,-1
1140,190,837.07,403.19,48.01,112.00,1,-1,-1,-1
1141,164,369.78,249.66,52.34,100.62,1,-1,-1,-1
1141,176,265.24,108.92,44.38,90.00,1,-1,-1,-1
1141,188,1126.12,586.91,46.91,128.34,1,-1,-1,-1
1141,190,835.36,401.47,48.85,114.21,1,-1,-1,-1
1142,164,370.53,248.23,52.93,102.21,1,-1,-1,-1
1142,188,1126.21,586.91,46.65,128.17,1,-1,-1,-1
1142,190,834.51,400.71,49.12,114.83,1,-1,-1,-1
1143,164,371.22,247.07,52.91,102.13,1,-1,-1,-1
1143,188,1126.22,586.74,46.70,128.29,1,-1,-1,-1
1144,164,371.69,246.01,53.06,102.76,1,-1,-1,-1
1145,164,371.74,244.33,53.31,103.64,1,-1,-1,-1
1146,164,371.91,243.07,53.03,103.32,1,-1,-1,-1
1147,164,373.20,242.64,51.74,100.54,1,-1,-1,-1
1147,188,1125.83,587.83,45.54,124.42,1,-1,-1,-1
1148,164,373.86,242.53,51.48,100.14,1,-1,-1,-1
1148,188,1125.70,588.65,45.61,124.04,1,-1,-1,-1
1149,164,374.09,242.52,52.05,101.33,1,-1,-1,-1
1149,188,1125.61,588.91,45.74,123.92,1,-1,-1,-1
1150,164,374.86,241.89,51.49,99.80,1,-1,-1,-1
1150,188,1125.25,589.67,45.78,123.22,1,-1,-1,-1
1151,164,375.45,241.69,51.28,99.21,1,-1,-1,-1
1151,188,1125.43,589.95,45.83,122.97,1,-1,-1,-1
1151,193,499.17,263.21,45.05,106.74,1,-1,-1,-1
1152,164,376.15,240.98,50.86,98.34,1,-1,-1,-1
1152,188,1125.46,589.38,45.93,122.88,1,-1,-1,-1
1152,193,498.61,262.88,44.96,106.52,1,-1,-1,-1
1153,164,376.38,239.41,50.73,98.02,1,-1,-1,-1
1153,188,1125.34,589.16,46.24,123.53,1,-1,-1,-1
1154,164,376.71,238.86,50.80,97.91,1,-1,-1,-1
1154,188,1125.34,589.23,46.17,123.35,1,-1,-1,-1
1155,164,376.76,237.35,51.58,99.21,1,-1,-1,-1
1156,164,377.49,235.50,51.74,99.70,1,-1,-1,-1
1157,164,378.29,233.51,52.05,100.55,1,-1,-1,-1
1158,164,379.03,232.14,51.90,100.21,1,-1,-1,-1
1159,164,379.56,231.66,51.95,100.08,1,-1,-1,-1
1160,164,380.88,230.86,52.32,100.69,1,-1,-1,-1
1161,164,381.34,229.94,52.49,100.92,1,-1,-1,-1
1162,164,381.85,228.97,52.48,101.00,1,-1,-1,-1
1162,188,1124.12,589.99,46.81,123.92,1,-1,-1,-1
1163,164,382.70,227.99,52.45,101.03,1,-1,-1,-1
1163,188,1124.22,590.02,47.20,124.66,1,-1,-1,-1
1164,164,383.81,227.65,52.12,100.38,1,-1,-1,-1
1164,188,1124.23,590.03,47.39,124.90,1,-1,-1,-1
1165,164,384.58,228.23,51.90,100.13,1,-1,-1,-1
1165,188,1124.42,590.04,47.09,123.67,1,-1,-1,-1
1166,164,385.52,227.82,51.78,100.04,1,-1,-1,-1
1166,188,1124.45,590.03,47.05,123.20,1,-1,-1,-1
1167,164,386.12,227.03,51.20,99.34,1,-1,-1,-1
1167,188,1124.61,589.37,47.41,124.35,1,-1,-1,-1
1168,164,387.30,226.10,51.65,100.41,1,-1,-1,-1
1168,188,1124.70,589.78,47.50,124.79,1,-1,-1,-1
1169,164,387.98,224.46,51.96,101.46,1,-1,-1,-1
1169,188,1124.85,589.93,47.29,124.29,1,-1,-1,-1
1169,195,1017.99,760.19,63.48,118.81,1,-1,-1,-1
1170,164,388.72,223.60,52.03,101.60,1,-1,-1,-1
1170,188,1124.91,590.65,47.20,124.10,1,-1,-1,-1
1170,195,1016.78,759.12,63.94,119.88,1,-1,-1,-1
1171,188,1124.83,590.26,47.37,124.69,1,-1,-1,-1
1171,195,1016.07,758.31,64.37,120.69,1,-1,-1,-1
1172,164,389.21,221.14,51.98,101.98,1,-1,-1,-1
1172,188,1124.71,590.11,47.61,125.57,1,-1,-1,-1
1173,164,389.84,220.21,52.05,102.13,1,-1,-1,-1
1173,188,1124.71,590.14,47.67,125.72,1,-1,-1,-1
1174,195,1010.19,754.12,66.13,124.88,1,-1,-1,-1
1175,164,390.96,218.90,52.14,102.91,1,-1,-1,-1
1175,188,1124.67,589.19,47.69,126.00,1,-1,-1,-1
1175,195,1008.94,751.61,66.95,127.39,1,-1,-1,-1
1176,164,392.35,218.69,51.78,102.35,1,-1,-1,-1
1176,188,1124.91,589.72,47.19,124.68,1,-1,-1,-1
1176,195,1007.59,750.32,67.63,128.68,1,-1,-1,-1
1177,164,393.03,217.88,51.84,102.47,1,-1,-1,-1
1177,188,1124.99,589.24,47.03,124.22,1,-1,-1,-1
1178,188,1125.30,589.72,47.07,124.72,1,-1,-1,-1
1179,164,394.03,217.73,50.36,99.58,1,-1,-1,-1
1179,188,1125.35,589.73,47.08,124.72,1,-1,-1,-1
1179,195,1001.76,746.05,68.12,131.17,1,-1,-1,-1
1180,164,394.67,217.07,50.27,99.39,1,-1,-1,-1
1180,188,1125.35,589.94,47.28,125.72,1,-1,-1,-1
1180,195,1000.98,743.54,68.44,133.48,1,-1,-1,-1
1181,164,394.87,215.29,49.62,98.24,1,-1,-1,-1
1181,188,1125.12,589.99,47.11,125.27,1,-1,-1,-1
1181,195,999.45,742.08,69.10,134.75,1,-1,-1,-1
1182,164,395.97,214.16,48.86,96.62,1,-1,-1,-1
1182,188,1125.13,590.02,47.13,125.32,1,-1,-1,-1
1183,164,396.63,213.34,48.64,96.18,1,-1,-1,-1
1184,164,397.21,212.90,49.37,97.52,1,-1,-1,-1
1184,188,1125.23,590.01,47.45,126.75,1,-1,-1,-1
1185,164,397.66,212.04,49.66,97.77,1,-1,-1,-1
1185,188,1125.32,590.01,47.36,126.98,1,-1,-1,-1
1186,164,398.03,211.75,49.34,97.19,1,-1,-1,-1
1186,188,1125.40,590.01,47.23,127.06,1,-1,-1,-1
1187,164,398.42,211.01,49.32,96.99,1,-1,-1,-1
1187,188,1125.46,590.01,47.11,127.08,1,-1,-1,-1
1188,164,398.53,210.76,49.36,96.92,1,-1,-1,-1
1188,188,1125.47,590.02,47.17,127.24,1,-1,-1,-1
1189,164,399.06,210.08,49.25,96.71,1,-1,-1,-1
1192,188,1125.68,590.01,46.67,126.17,1,-1,-1,-1
1193,188,1125.73,590.00,46.55,126.05,1,-1,-1,-1
1194,188,1125.75,590.01,46.55,126.05,1,-1,-1,-1
1195,188,1125.90,590.00,46.23,125.23,1,-1,-1,-1
1196,188,1125.93,590.01,46.19,125.14,1,-1,-1,-1
1197,188,1126.28,590.00,46.24,125.80,1,-1,-1,-1
1198,188,1126.22,590.00,46.54,127.28,1,-1,-1,-1
1199,188,1125.97,589.34,46.44,127.15,1,-1,-1,-1
1200,188,1125.68,589.09,46.77,128.41,1,-1,-1,-1
1201,188,1125.64,589.00,46.86,128.66,1,-1,-1,-1
1203,188,1125.71,589.82,46.61,128.18,1,-1,-1,-1
1204,188,1125.67,589.82,46.66,128.33,1,-1,-1,-1
1206,188,1125.10,589.13,47.81,132.35,1,-1,-1,-1
1207,188,1125.01,589.02,47.97,133.63,1,-1,-1,-1
1208,188,1124.96,588.98,48.07,134.73,1,-1,-1,-1
1209,188,1124.82,589.63,48.35,136.44,1,-1,-1,-1
1210,188,1124.57,589.88,48.21,136.41,1,-1,-1,-1
1211,188,1124.79,589.31,48.16,137.03,1,-1,-1,-1
1212,188,1124.66,589.10,47.92,136.58,1,-1,-1,-1
1213,188,1124.92,589.68,47.87,137.05,1,-1,-1,-1
1214,188,1125.08,589.90,47.73,137.20,1,-1,-1,-1
1215,188,1124.62,589.32,48.07,138.56,1,-1,-1,-1
1216,188,1124.49,589.30,48.27,139.15,1,-1,-1,-1
1217,188,1124.56,589.84,47.92,138.39,1,-1,-1,-1
1218,188,1124.45,589.87,48.07,138.85,1,-1,-1,-1
1219,188,1125.04,588.41,47.68,138.28,1,-1,-1,-1
1220,188,1124.99,588.29,47.80,138.63,1,-1,-1,-1
1226,188,1125.03,588.92,47.93,140.04,1,-1,-1,-1
1227,188,1124.99,588.91,48.03,140.34,1,-1,-1,-1
1228,188,1125.39,589.77,47.23,138.55,1,-1,-1,-1
1229,188,1125.61,589.95,46.79,137.52,1,-1,-1,-1
1230,188,1125.63,590.04,46.78,137.50,1,-1,-1,-1
1250,188,1125.28,589.02,46.45,136.01,1,-1,-1,-1
1251,188,1124.76,589.69,46.77,135.98,1,-1,-1,-1
1252,188,1124.72,589.71,46.75,135.91,1,-1,-1,-1
1263,197,1052.93,527.97,49.96,118.42,1,-1,-1,-1
1264,197,1051.70,526.37,49.79,117.91,1,-1,-1,-1
1265,197,1050.73,525.57,49.48,117.19,1,-1,-1,-1
1268,188,1125.21,585.05,47.54,139.95,1,-1,-1,-1
1269,188,1125.22,584.80,47.61,140.16,1,-1,-1,-1
1274,188,1125.19,583.97,47.65,141.95,1,-1,-1,-1
1275,188,1125.17,583.75,47.74,142.22,1,-1,-1,-1
1320,205,319.77,741.65,67.64,136.61,1,-1,-1,-1
1321,205,319.14,739.33,68.56,138.75,1,-1,-1,-1
1322,205,317.92,737.19,69.46,140.83,1,-1,-1,-1
1323,205,317.81,735.12,69.91,142.17,1,-1,-1,-1
1324,205,317.57,733.78,69.82,142.56,1,-1,-1,-1
1325,205,316.89,732.02,70.52,143.99,1,-1,-1,-1
1330,206,11.79,315.40,53.45,116.02,1,-1,-1,-1
1331,206,12.02,313.29,53.82,116.81,1,-1,-1,-1
1332,206,11.88,311.94,54.34,117.79,1,-1,-1,-1
1333,206,12.89,310.85,54.51,118.10,1,-1,-1,-1
1334,206,13.70,309.84,54.35,117.48,1,-1,-1,-1
1335,206,14.31,308.85,54.29,117.24,1,-1,-1,-1
1336,206,15.17,307.87,54.30,117.14,1,-1,-1,-1
1337,206,15.69,306.66,54.37,117.29,1,-1,-1,-1
1345,207,671.70,759.88,75.47,119.12,1,-1,-1,-1
1346,207,670.36,758.10,76.38,120.90,1,-1,-1,-1
1347,207,668.58,756.15,77.27,122.85,1,-1,-1,-1
1348,207,666.66,754.14,78.13,124.86,1,-1,-1,-1
1349,207,665.16,752.12,78.78,126.88,1,-1,-1,-1
1350,207,663.53,750.33,79.90,128.67,1,-1,-1,-1
1354,206,41.86,283.03,52.00,111.08,1,-1,-1,-1
1355,206,43.31,281.66,51.85,110.77,1,-1,-1,-1
1409,213,527.73,294.97,49.53,111.26,1,-1,-1,-1
1410,213,527.95,294.14,49.11,110.31,1,-1,-1,-1
1411,213,528.01,293.62,48.98,110.01,1,-1,-1,-1
1412,215,1126.47,557.98,45.28,134.78,1,-1,-1,-1
1413,215,1126.25,557.80,45.39,135.10,1,-1,-1,-1
1414,215,1126.27,557.95,45.40,135.05,1,-1,-1,-1
1415,215,1126.12,557.86,45.48,135.28,1,-1,-1,-1
1423,213,527.31,273.11,50.38,112.95,1,-1,-1,-1
1424,213,527.27,271.60,50.45,113.10,1,-1,-1,-1
1438,216,811.05,331.98,54.65,112.22,1,-1,-1,-1
1439,216,811.20,331.80,54.50,111.90,1,-1,-1,-1
1440,215,1126.71,557.99,45.56,136.01,1,-1,-1,-1
1440,216,809.32,330.19,55.72,114.59,1,-1,-1,-1
1441,215,1126.73,558.00,45.57,136.04,1,-1,-1,-1
1441,216,808.92,329.63,55.95,115.08,1,-1,-1,-1
1447,216,811.07,322.14,53.67,110.27,1,-1,-1,-1
1448,216,811.14,321.16,53.52,109.97,1,-1,-1,-1
1449,216,811.37,318.41,53.22,109.12,1,-1,-1,-1
1450,216,811.46,317.22,53.04,108.76,1,-1,-1,-1
1451,216,811.11,316.01,52.98,108.08,1,-1,-1,-1
1452,216,811.17,314.82,52.78,107.68,1,-1,-1,-1
1454,216,810.39,313.78,53.35,108.70,1,-1,-1,-1
1455,216,810.36,312.73,53.25,108.49,1,-1,-1,-1
1470,215,1127.28,558.00,45.45,138.00,1,-1,-1,-1
1471,215,1126.92,556.62,45.48,138.71,1,-1,-1,-1
1472,215,1127.20,557.49,45.37,139.62,1,-1,-1,-1
1472,220,122.62,774.00,59.97,105.00,1,-1,-1,-1
1473,215,1127.44,557.16,45.04,139.28,1,-1,-1,-1
1473,220,122.48,774.00,60.01,105.00,1,-1,-1,-1
1474,215,1127.08,556.37,45.17,139.82,1,-1,-1,-1
1474,220,122.82,774.00,60.01,105.00,1,-1,-1,-1
1475,215,1127.02,556.22,45.24,140.02,1,-1,-1,-1
1475,220,122.81,774.00,60.01,105.00,1,-1,-1,-1
1476,220,122.96,774.00,60.01,105.00,1,-1,-1,-1
1477,220,122.98,774.00,60.01,105.00,1,-1,-1,-1
1481,220,123.24,774.93,59.53,104.07,1,-1,-1,-1
1482,220,123.28,775.04,59.47,103.96,1,-1,-1,-1
1486,220,121.79,775.04,59.67,103.96,1,-1,-1,-1
1487,220,121.68,775.10,59.63,103.90,1,-1,-1,-1
1490,220,121.37,775.92,59.29,103.08,1,-1,-1,-1
1491,220,121.27,776.05,59.22,102.95,1,-1,-1,-1
1492,220,121.28,776.04,59.33,102.96,1,-1,-1,-1
1493,220,121.40,776.73,59.10,102.27,1,-1,-1,-1
1494,220,121.35,776.90,59.00,102.10,1,-1,-1,-1
1496,220,121.91,777.04,58.92,101.96,1,-1,-1,-1
1497,220,121.58,777.06,59.05,101.94,1,-1,-1,-1
1498,220,121.28,776.40,59.47,102.60,1,-1,-1,-1
1499,220,121.16,776.15,59.65,102.85,1,-1,-1,-1
1500,220,120.61,776.72,59.42,102.28,1,-1,-1,-1
1501,220,120.72,775.61,60.02,103.39,1,-1,-1,-1
1502,220,120.78,775.19,60.22,103.81,1,-1,-1,-1
1503,220,121.63,775.69,59.96,103.31,1,-1,-1,-1
1504,220,121.29,775.89,59.87,103.11,1,-1,-1,-1
1505,220,121.28,775.88,59.87,103.12,1,-1,-1,-1
1507,220,121.27,775.13,60.37,103.87,1,-1,-1,-1
1508,220,121.27,775.06,60.42,103.94,1,-1,-1,-1
1509,220,120.71,774.21,60.79,104.79,1,-1,-1,-1
1510,220,120.63,774.02,60.79,104.98,1,-1,-1,-1
1511,220,120.56,773.86,60.89,105.14,1,-1,-1,-1
1513,220,121.05,772.24,61.57,106.76,1,-1,-1,-1
1514,220,121.03,771.95,61.74,107.05,1,-1,-1,-1
1518,220,122.17,771.89,61.52,107.11,1,-1,-1,-1
1519,220,121.93,771.22,61.49,107.78,1,-1,-1,-1
1520,220,121.95,770.98,61.62,108.02,1,-1,-1,-1
1521,220,122.26,770.94,61.42,108.06,1,-1,-1,-1
1522,220,122.30,770.72,61.55,108.28,1,-1,-1,-1
1571,222,8.56,311.86,52.25,105.57,1,-1,-1,-1
1572,222,8.84,310.05,52.49,106.10,1,-1,-1,-1
1573,222,9.23,308.35,52.85,106.82,1,-1,-1,-1
1574,222,11.47,307.80,52.53,106.23,1,-1,-1,-1
1575,222,12.32,307.53,52.43,106.19,1,-1,-1,-1
1576,222,13.12,306.31,52.60,106.53,1,-1,-1,-1
1663,227,133.33,750.47,58.29,128.55,1,-1,-1,-1
1664,227,132.95,750.18,58.50,129.01,1,-1,-1,-1
1665,227,133.62,749.99,58.50,129.06,1,-1,-1,-1
1666,227,134.10,749.93,58.45,129.11,1,-1,-1,-1
1667,227,134.14,749.21,58.66,129.82,1,-1,-1,-1
1668,227,133.51,748.97,58.65,130.06,1,-1,-1,-1
1669,227,133.62,748.89,58.64,130.13,1,-1,-1,-1
1670,227,133.68,748.88,58.60,130.14,1,-1,-1,-1
1671,227,133.71,748.88,58.56,130.13,1,-1,-1,-1
1672,227,133.87,749.57,58.24,129.45,1,-1,-1,-1
1673,227,133.65,749.83,58.04,129.19,1,-1,-1,-1
1674,227,134.38,750.60,57.65,128.42,1,-1,-1,-1
1675,227,134.42,750.65,57.63,128.38,1,-1,-1,-1
1676,227,135.60,750.94,57.26,128.07,1,-1,-1,-1
1677,227,136.37,751.69,56.85,127.32,1,-1,-1,-1
1678,227,137.04,751.95,56.57,127.06,1,-1,-1,-1
1679,227,137.31,752.12,56.50,126.90,1,-1,-1,-1
1693,227,139.58,753.02,55.88,125.98,1,-1,-1,-1
1694,227,139.75,753.10,55.84,125.90,1,-1,-1,-1
1696,227,141.20,754.75,55.30,124.26,1,-1,-1,-1
1697,227,141.37,754.99,55.32,124.01,1,-1,-1,-1
1698,227,141.25,755.74,55.00,123.26,1,-1,-1,-1
1699,227,142.12,756.01,55.04,122.99,1,-1,-1,-1
1700,227,142.45,756.30,54.91,122.70,1,-1,-1,-1
1704,227,141.59,756.12,55.14,122.88,1,-1,-1,-1
1705,227,141.72,756.28,55.06,122.72,1,-1,-1,-1
1838,228,751.02,742.64,77.33,136.36,1,-1,-1,-1
1839,228,749.37,740.33,78.51,138.67,1,-1,-1,-1
1840,228,747.06,738.18,79.59,140.82,1,-1,-1,-1
1841,228,744.93,734.71,80.61,142.88,1,-1,-1,-1
1842,228,743.21,732.55,81.66,144.73,1,-1,-1,-1
1843,228,743.29,730.88,81.79,145.30,1,-1,-1,-1
1844,228,743.01,729.63,81.49,144.91,1,-1,-1,-1
1845,228,743.51,729.24,80.91,144.06,1,-1,-1,-1
1846,228,742.73,727.83,80.68,143.70,1,-1,-1,-1
1847,228,741.62,726.71,81.62,146.19,1,-1,-1,-1
1848,228,741.32,727.01,81.14,145.77,1,-1,-1,-1
1849,228,740.95,725.87,80.88,145.56,1,-1,-1,-1
1850,228,740.04,724.51,81.30,146.32,1,-1,-1,-1
1851,228,740.24,723.03,80.29,144.68,1,-1,-1,-1
1852,228,739.82,720.53,79.52,143.70,1,-1,-1,-1
1853,228,739.36,718.34,79.21,143.34,1,-1,-1,-1
1854,228,738.77,715.59,79.98,145.19,1,-1,-1,-1
1855,228,736.99,713.30,80.15,146.53,1,-1,-1,-1
1856,228,735.12,709.86,81.33,149.65,1,-1,-1,-1
1857,228,733.50,707.31,81.69,151.47,1,-1,-1,-1
1858,228,732.35,706.41,80.97,150.83,1,-1,-1,-1
1859,228,731.10,705.49,81.09,151.86,1,-1,-1,-1
1860,228,729.74,704.55,80.98,152.22,1,-1,-1,-1
1861,228,728.06,703.60,80.07,151.02,1,-1,-1,-1
1862,228,727.01,701.99,79.96,151.19,1,-1,-1,-1
1863,228,725.69,700.12,79.21,149.92,1,-1,-1,-1
1864,228,724.37,698.82,78.67,148.75,1,-1,-1,-1
1865,228,722.95,697.07,78.41,148.30,1,-1,-1,-1
1866,228,721.34,695.15,78.58,148.13,1,-1,-1,-1
1867,228,719.62,692.50,78.99,148.72,1,-1,-1,-1
1868,228,717.68,690.91,79.19,148.94,1,-1,-1,-1
1869,228,716.31,689.71,79.30,149.02,1,-1,-1,-1
1870,228,715.42,688.67,78.89,148.39,1,-1,-1,-1
1871,228,714.58,686.35,78.51,148.14,1,-1,-1,-1
1872,228,713.58,685.55,78.53,148.71,1,-1,-1,-1
1873,228,713.09,685.30,78.18,148.26,1,-1,-1,-1
1874,228,711.89,683.85,78.19,148.27,1,-1,-1,-1
1877,228,710.91,677.29,77.58,148.03,1,-1,-1,-1
1878,228,709.83,674.51,76.78,146.63,1,-1,-1,-1
1879,228,709.00,672.24,76.13,144.82,1,-1,-1,-1
1880,228,708.10,670.80,75.81,144.16,1,-1,-1,-1
1881,228,707.15,669.02,75.61,143.79,1,-1,-1,-1
1886,228,701.25,660.94,76.54,144.80,1,-1,-1,-1
1887,228,700.21,659.23,76.47,144.67,1,-1,-1,-1
1894,228,689.25,642.23,78.73,149.73,1,-1,-1,-1
1895,228,688.95,640.72,79.06,150.02,1,-1,-1,-1
1896,228,688.13,638.23,79.28,149.46,1,-1,-1,-1
1897,228,688.31,636.71,79.14,147.92,1,-1,-1,-1
1898,228,687.86,635.55,79.54,147.99,1,-1,-1,-1
1899,228,687.23,635.19,80.02,148.67,1,-1,-1,-1
1900,228,686.10,634.47,80.07,148.27,1,-1,-1,-1
1901,228,685.79,633.60,79.92,147.45,1,-1,-1,-1
1902,228,685.41,632.01,79.81,146.48,1,-1,-1,-1
1903,228,684.40,630.15,79.57,145.45,1,-1,-1,-1
1904,228,683.59,628.85,78.41,143.08,1,-1,-1,-1
1905,228,682.84,627.29,78.15,142.60,1,-1,-1,-1
1910,228,676.38,618.10,78.51,143.75,1,-1,-1,-1
1911,228,675.48,615.44,78.10,143.87,1,-1,-1,-1
1912,228,674.38,614.55,77.56,143.25,1,-1,-1,-1
1913,228,673.42,612.95,77.21,142.36,1,-1,-1,-1
1914,228,672.13,612.42,77.03,142.03,1,-1,-1,-1
1915,228,671.28,611.62,76.45,141.25,1,-1,-1,-1
1916,228,669.59,610.05,75.75,140.31,1,-1,-1,-1
1917,228,667.41,608.19,76.00,141.30,1,-1,-1,-1
1918,228,665.92,606.89,75.56,141.02,1,-1,-1,-1
1919,228,663.86,605.13,75.85,142.25,1,-1,-1,-1
1920,228,662.33,603.87,75.58,142.06,1,-1,-1,-1
1921,228,661.49,602.79,74.79,140.67,1,-1,-1,-1
1922,228,660.72,601.11,74.87,140.81,1,-1,-1,-1
1923,228,660.32,599.88,75.20,141.53,1,-1,-1,-1
1924,228,659.34,599.47,75.11,141.15,1,-1,-1,-1
1925,228,659.89,598.04,75.33,141.67,1,-1,-1,-1
1926,228,659.78,598.22,74.79,140.55,1,-1,-1,-1
1927,228,658.90,597.04,74.70,140.38,1,-1,-1,-1
1935,228,654.47,585.10,74.83,140.93,1,-1,-1,-1
1936,228,653.78,583.73,74.81,140.90,1,-1,-1,-1
1938,228,650.39,581.85,76.61,143.53,1,-1,-1,-1
1939,228,649.88,581.54,76.84,143.24,1,-1,-1,-1
1940,228,648.85,581.44,76.68,142.48,1,-1,-1,-1
1941,228,648.03,580.38,76.72,142.55,1,-1,-1,-1
1950,230,591.38,741.16,61.24,132.81,1,-1,-1,-1
1951,230,591.22,740.11,61.55,133.49,1,-1,-1,-1
1954,230,588.17,741.75,61.97,134.08,1,-1,-1,-1
1955,230,587.51,741.15,62.07,134.14,1,-1,-1,-1
1956,230,586.43,741.65,61.80,133.48,1,-1,-1,-1
1957,230,585.75,741.49,61.89,133.69,1,-1,-1,-1
1977,230,577.48,743.96,61.99,132.04,1,-1,-1,-1
1978,230,577.10,744.72,62.53,131.99,1,-1,-1,-1
1979,230,576.73,745.64,62.53,131.31,1,-1,-1,-1
1980,230,576.41,746.64,62.25,130.38,1,-1,-1,-1
1981,230,576.07,747.00,62.14,130.14,1,-1,-1,-1
1995,230,573.94,747.06,62.03,129.96,1,-1,-1,-1
1996,230,573.75,747.13,62.01,129.91,1,-1,-1,-1
2003,230,574.04,744.16,62.74,129.98,1,-1,-1,-1
2004,230,573.62,743.99,62.99,129.99,1,-1,-1,-1
2005,230,573.56,743.78,62.99,129.97,1,-1,-1,-1
2016,232,-0.79,713.81,54.77,133.28,1,-1,-1,-1
2017,232,-1.18,711.44,54.86,133.51,1,-1,-1,-1
2028,232,6.71,682.03,56.39,133.02,1,-1,-1,-1
2029,232,7.32,679.40,56.39,133.02,1,-1,-1,-1
2102,235,190.32,646.22,55.13,124.97,1,-1,-1,-1
2103,235,189.86,645.97,54.74,124.14,1,-1,-1,-1
2104,235,189.16,645.92,54.95,124.64,1,-1,-1,-1
2105,235,188.92,645.69,54.85,124.41,1,-1,-1,-1
