14,1,804.0,756.0,74.0,123.0,1.0,-1,-1,-1
15,1,803.0,753.0,72.0,126.0,1.0,-1,-1,-1
16,1,803.0,751.0,70.0,128.0,1.0,-1,-1,-1
17,1,802.0,747.0,69.0,132.0,1.0,-1,-1,-1
18,1,801.0,745.0,68.0,134.0,1.0,-1,-1,-1
19,1,799.0,741.0,67.0,138.0,1.0,-1,-1,-1
20,1,799.0,742.0,67.0,137.0,1.0,-1,-1,-1
21,1,796.0,741.0,67.0,138.0,1.0,-1,-1,-1
22,1,794.0,740.0,67.0,139.0,1.0,-1,-1,-1
23,1,791.0,738.0,67.0,141.0,1.0,-1,-1,-1
24,1,789.0,736.0,67.0,143.0,1.0,-1,-1,-1
25,1,785.0,733.0,68.0,145.0,1.0,-1,-1,-1
26,1,784.0,731.0,67.0,145.0,1.0,-1,-1,-1
27,1,783.0,731.0,64.0,143.0,1.0,-1,-1,-1
28,1,780.0,728.0,64.0,144.0,1.0,-1,-1,-1
29,1,777.0,725.0,66.0,144.0,1.0,-1,-1,-1
30,1,774.0,723.0,68.0,146.0,1.0,-1,-1,-1
30,2,1108.0,568.0,61.0,119.0,1.0,-1,-1,-1
31,2,1108.0,568.0,62.0,118.0,1.0,-1,-1,-1
32,2,1107.0,570.0,62.0,116.0,1.0,-1,-1,-1
33,2,1106.0,570.0,62.0,116.0,1.0,-1,-1,-1
34,2,1106.0,569.0,62.0,116.0,1.0,-1,-1,-1
35,2,1105.0,570.0,62.0,116.0,1.0,-1,-1,-1
36,2,1105.0,570.0,63.0,118.0,1.0,-1,-1,-1
37,2,1104.0,570.0,63.0,119.0,1.0,-1,-1,-1
139,3,13.0,793.0,81.0,86.0,1.0,-1,-1,-1
140,3,15.0,790.0,78.0,89.0,1.0,-1,-1,-1
141,3,16.0,787.0,77.0,92.0,1.0,-1,-1,-1
142,3,19.0,785.0,74.0,94.0,1.0,-1,-1,-1
143,3,21.0,782.0,72.0,97.0,1.0,-1,-1,-1
153,4,577.0,135.0,51.0,98.0,1.0,-1,-1,-1
154,4,577.0,135.0,50.0,98.0,1.0,-1,-1,-1
155,4,578.0,134.0,49.0,97.0,1.0,-1,-1,-1
156,4,578.0,133.0,49.0,97.0,1.0,-1,-1,-1
157,4,578.0,131.0,50.0,98.0,1.0,-1,-1,-1
157,5,897.0,630.0,68.0,143.0,1.0,-1,-1,-1
158,5,896.0,629.0,69.0,143.0,1.0,-1,-1,-1
159,5,895.0,629.0,70.0,142.0,1.0,-1,-1,-1
160,5,895.0,628.0,68.0,143.0,1.0,-1,-1,-1
161,5,893.0,626.0,70.0,143.0,1.0,-1,-1,-1
162,5,893.0,626.0,70.0,141.0,1.0,-1,-1,-1
163,5,892.0,623.0,72.0,141.0,1.0,-1,-1,-1
164,5,890.0,619.0,73.0,140.0,1.0,-1,-1,-1
165,5,888.0,617.0,74.0,141.0,1.0,-1,-1,-1
166,5,886.0,617.0,76.0,141.0,1.0,-1,-1,-1
167,5,885.0,616.0,75.0,141.0,1.0,-1,-1,-1
180,6,482.0,741.0,69.0,137.0,1.0,-1,-1,-1
181,6,479.0,738.0,70.0,140.0,1.0,-1,-1,-1
182,6,477.0,736.0,71.0,142.0,1.0,-1,-1,-1
183,6,478.0,734.0,69.0,143.0,1.0,-1,-1,-1
184,6,478.0,730.0,67.0,144.0,1.0,-1,-1,-1
185,6,477.0,723.0,67.0,148.0,1.0,-1,-1,-1
186,6,476.0,722.0,66.0,149.0,1.0,-1,-1,-1
187,6,475.0,718.0,67.0,150.0,1.0,-1,-1,-1
188,6,474.0,715.0,65.0,151.0,1.0,-1,-1,-1
189,6,473.0,713.0,66.0,149.0,1.0,-1,-1,-1
196,7,463.0,691.0,65.0,148.0,1.0,-1,-1,-1
197,7,464.0,688.0,65.0,148.0,1.0,-1,-1,-1
198,7,463.0,686.0,67.0,148.0,1.0,-1,-1,-1
199,7,463.0,686.0,64.0,146.0,1.0,-1,-1,-1
200,7,463.0,684.0,66.0,147.0,1.0,-1,-1,-1
201,7,462.0,682.0,66.0,148.0,1.0,-1,-1,-1
202,7,461.0,680.0,67.0,147.0,1.0,-1,-1,-1
203,7,460.0,678.0,67.0,148.0,1.0,-1,-1,-1
204,7,461.0,674.0,67.0,150.0,1.0,-1,-1,-1
205,8,985.0,767.0,76.0,112.0,1.0,-1,-1,-1
206,8,983.0,765.0,77.0,114.0,1.0,-1,-1,-1
207,8,982.0,761.0,76.0,118.0,1.0,-1,-1,-1
208,8,980.0,757.0,76.0,122.0,1.0,-1,-1,-1
209,8,978.0,755.0,77.0,124.0,1.0,-1,-1,-1
210,8,977.0,754.0,78.0,125.0,1.0,-1,-1,-1
211,8,976.0,752.0,78.0,127.0,1.0,-1,-1,-1
212,8,977.0,751.0,77.0,128.0,1.0,-1,-1,-1
213,8,975.0,749.0,78.0,129.0,1.0,-1,-1,-1
214,8,976.0,748.0,76.0,131.0,1.0,-1,-1,-1
215,8,975.0,746.0,76.0,132.0,1.0,-1,-1,-1
216,8,974.0,744.0,76.0,131.0,1.0,-1,-1,-1
217,8,973.0,741.0,77.0,133.0,1.0,-1,-1,-1
218,8,973.0,739.0,77.0,135.0,1.0,-1,-1,-1
219,8,970.0,735.0,78.0,138.0,1.0,-1,-1,-1
207,9,455.0,663.0,66.0,145.0,1.0,-1,-1,-1
208,9,454.0,659.0,67.0,147.0,1.0,-1,-1,-1
209,9,455.0,658.0,65.0,148.0,1.0,-1,-1,-1
210,9,455.0,656.0,65.0,147.0,1.0,-1,-1,-1
211,9,453.0,655.0,64.0,146.0,1.0,-1,-1,-1
212,9,453.0,653.0,64.0,147.0,1.0,-1,-1,-1
213,9,452.0,653.0,64.0,145.0,1.0,-1,-1,-1
214,9,451.0,651.0,64.0,144.0,1.0,-1,-1,-1
215,9,450.0,648.0,65.0,144.0,1.0,-1,-1,-1
216,9,450.0,645.0,64.0,145.0,1.0,-1,-1,-1
217,9,449.0,641.0,65.0,146.0,1.0,-1,-1,-1
218,9,449.0,638.0,64.0,145.0,1.0,-1,-1,-1
219,9,449.0,635.0,65.0,145.0,1.0,-1,-1,-1
222,10,449.0,631.0,64.0,143.0,1.0,-1,-1,-1
223,10,450.0,630.0,63.0,142.0,1.0,-1,-1,-1
224,10,451.0,628.0,63.0,143.0,1.0,-1,-1,-1
225,10,452.0,625.0,63.0,144.0,1.0,-1,-1,-1
226,10,454.0,623.0,61.0,144.0,1.0,-1,-1,-1
227,10,456.0,620.0,60.0,144.0,1.0,-1,-1,-1
228,10,458.0,617.0,61.0,145.0,1.0,-1,-1,-1
229,10,460.0,615.0,59.0,145.0,1.0,-1,-1,-1
230,10,460.0,612.0,60.0,146.0,1.0,-1,-1,-1
231,10,460.0,611.0,60.0,144.0,1.0,-1,-1,-1
232,10,462.0,609.0,60.0,145.0,1.0,-1,-1,-1
233,10,463.0,609.0,59.0,142.0,1.0,-1,-1,-1
234,10,464.0,607.0,60.0,142.0,1.0,-1,-1,-1
235,10,464.0,606.0,61.0,141.0,1.0,-1,-1,-1
236,10,464.0,604.0,62.0,143.0,1.0,-1,-1,-1
237,10,464.0,601.0,62.0,141.0,1.0,-1,-1,-1
238,10,465.0,598.0,62.0,139.0,1.0,-1,-1,-1
233,11,164.0,232.0,51.0,110.0,1.0,-1,-1,-1
234,11,164.0,232.0,52.0,109.0,1.0,-1,-1,-1
235,11,165.0,233.0,51.0,107.0,1.0,-1,-1,-1
236,11,166.0,231.0,52.0,109.0,1.0,-1,-1,-1
237,11,167.0,230.0,51.0,109.0,1.0,-1,-1,-1
238,11,168.0,228.0,49.0,110.0,1.0,-1,-1,-1
236,12,1.0,592.0,29.0,141.0,1.0,-1,-1,-1
237,12,1.0,592.0,30.0,139.0,1.0,-1,-1,-1
238,12,1.0,591.0,31.0,139.0,1.0,-1,-1,-1
239,12,1.0,591.0,32.0,138.0,1.0,-1,-1,-1
240,12,1.0,588.0,32.0,134.0,1.0,-1,-1,-1
241,12,1.0,586.0,33.0,134.0,1.0,-1,-1,-1
242,12,1.0,583.0,35.0,136.0,1.0,-1,-1,-1
258,13,885.0,750.0,66.0,129.0,1.0,-1,-1,-1
259,13,884.0,748.0,67.0,131.0,1.0,-1,-1,-1
260,13,882.0,746.0,69.0,133.0,1.0,-1,-1,-1
261,13,878.0,745.0,73.0,133.0,1.0,-1,-1,-1
262,13,876.0,744.0,74.0,135.0,1.0,-1,-1,-1
263,13,873.0,741.0,75.0,136.0,1.0,-1,-1,-1
264,13,872.0,738.0,74.0,139.0,1.0,-1,-1,-1
269,14,611.0,750.0,67.0,129.0,1.0,-1,-1,-1
270,14,610.0,749.0,68.0,130.0,1.0,-1,-1,-1
271,14,609.0,748.0,69.0,131.0,1.0,-1,-1,-1
272,14,610.0,745.0,68.0,134.0,1.0,-1,-1,-1
273,14,611.0,743.0,67.0,135.0,1.0,-1,-1,-1
274,14,609.0,739.0,68.0,138.0,1.0,-1,-1,-1
275,14,609.0,737.0,67.0,140.0,1.0,-1,-1,-1
276,14,609.0,732.0,67.0,144.0,1.0,-1,-1,-1
277,14,609.0,729.0,65.0,147.0,1.0,-1,-1,-1
283,15,605.0,718.0,69.0,149.0,1.0,-1,-1,-1
284,15,605.0,716.0,70.0,149.0,1.0,-1,-1,-1
285,15,604.0,712.0,71.0,148.0,1.0,-1,-1,-1
286,15,605.0,707.0,69.0,150.0,1.0,-1,-1,-1
287,15,606.0,705.0,68.0,147.0,1.0,-1,-1,-1
288,15,606.0,701.0,67.0,147.0,1.0,-1,-1,-1
289,15,606.0,697.0,65.0,150.0,1.0,-1,-1,-1
290,15,604.0,696.0,66.0,150.0,1.0,-1,-1,-1
291,15,604.0,694.0,66.0,151.0,1.0,-1,-1,-1
292,15,603.0,691.0,67.0,151.0,1.0,-1,-1,-1
293,15,601.0,690.0,70.0,152.0,1.0,-1,-1,-1
294,15,601.0,689.0,69.0,151.0,1.0,-1,-1,-1
295,15,599.0,688.0,70.0,150.0,1.0,-1,-1,-1
296,15,599.0,686.0,71.0,149.0,1.0,-1,-1,-1
297,15,597.0,683.0,71.0,147.0,1.0,-1,-1,-1
298,15,599.0,681.0,68.0,147.0,1.0,-1,-1,-1
299,15,598.0,676.0,69.0,149.0,1.0,-1,-1,-1
300,15,598.0,673.0,67.0,147.0,1.0,-1,-1,-1
301,15,598.0,669.0,67.0,150.0,1.0,-1,-1,-1
302,15,596.0,667.0,69.0,150.0,1.0,-1,-1,-1
307,16,525.0,461.0,56.0,127.0,1.0,-1,-1,-1
308,16,526.0,459.0,57.0,128.0,1.0,-1,-1,-1
309,16,526.0,458.0,57.0,127.0,1.0,-1,-1,-1
310,16,528.0,457.0,56.0,127.0,1.0,-1,-1,-1
311,16,530.0,456.0,55.0,126.0,1.0,-1,-1,-1
311,17,590.0,647.0,69.0,145.0,1.0,-1,-1,-1
312,17,590.0,645.0,70.0,146.0,1.0,-1,-1,-1
313,17,590.0,642.0,69.0,146.0,1.0,-1,-1,-1
314,17,589.0,641.0,69.0,148.0,1.0,-1,-1,-1
315,17,587.0,640.0,69.0,146.0,1.0,-1,-1,-1
316,17,588.0,641.0,69.0,145.0,1.0,-1,-1,-1
317,17,587.0,637.0,69.0,146.0,1.0,-1,-1,-1
318,17,585.0,634.0,69.0,144.0,1.0,-1,-1,-1
319,17,584.0,632.0,68.0,145.0,1.0,-1,-1,-1
320,17,581.0,630.0,70.0,144.0,1.0,-1,-1,-1
321,17,582.0,629.0,68.0,143.0,1.0,-1,-1,-1
322,17,582.0,627.0,69.0,142.0,1.0,-1,-1,-1
323,17,583.0,625.0,68.0,142.0,1.0,-1,-1,-1
324,17,583.0,622.0,68.0,144.0,1.0,-1,-1,-1
325,17,582.0,619.0,69.0,147.0,1.0,-1,-1,-1
326,17,582.0,618.0,68.0,145.0,1.0,-1,-1,-1
327,17,582.0,617.0,69.0,146.0,1.0,-1,-1,-1
328,17,580.0,616.0,70.0,143.0,1.0,-1,-1,-1
329,17,579.0,615.0,70.0,139.0,1.0,-1,-1,-1
323,18,337.0,747.0,59.0,132.0,1.0,-1,-1,-1
324,18,336.0,747.0,59.0,132.0,1.0,-1,-1,-1
325,18,336.0,745.0,60.0,134.0,1.0,-1,-1,-1
326,18,335.0,742.0,60.0,137.0,1.0,-1,-1,-1
327,18,335.0,740.0,60.0,139.0,1.0,-1,-1,-1
328,18,333.0,739.0,61.0,140.0,1.0,-1,-1,-1
329,18,332.0,739.0,61.0,140.0,1.0,-1,-1,-1
330,18,332.0,737.0,61.0,142.0,1.0,-1,-1,-1
331,18,333.0,736.0,60.0,143.0,1.0,-1,-1,-1
332,18,333.0,734.0,60.0,143.0,1.0,-1,-1,-1
324,19,529.0,429.0,55.0,128.0,1.0,-1,-1,-1
325,19,529.0,427.0,56.0,125.0,1.0,-1,-1,-1
326,19,530.0,425.0,54.0,125.0,1.0,-1,-1,-1
327,19,531.0,424.0,54.0,124.0,1.0,-1,-1,-1
328,19,531.0,423.0,54.0,125.0,1.0,-1,-1,-1
329,19,531.0,422.0,55.0,126.0,1.0,-1,-1,-1
330,19,531.0,421.0,55.0,124.0,1.0,-1,-1,-1
331,19,531.0,421.0,55.0,122.0,1.0,-1,-1,-1
332,19,531.0,420.0,55.0,123.0,1.0,-1,-1,-1
333,19,532.0,418.0,55.0,121.0,1.0,-1,-1,-1
334,19,532.0,416.0,56.0,121.0,1.0,-1,-1,-1
335,19,532.0,415.0,54.0,120.0,1.0,-1,-1,-1
336,19,532.0,411.0,55.0,121.0,1.0,-1,-1,-1
337,19,532.0,409.0,55.0,120.0,1.0,-1,-1,-1
338,19,532.0,408.0,54.0,120.0,1.0,-1,-1,-1
340,20,719.0,609.0,63.0,131.0,1.0,-1,-1,-1
341,20,714.0,606.0,63.0,131.0,1.0,-1,-1,-1
342,20,712.0,604.0,61.0,130.0,1.0,-1,-1,-1
343,20,710.0,601.0,61.0,133.0,1.0,-1,-1,-1
344,20,710.0,599.0,59.0,134.0,1.0,-1,-1,-1
345,20,707.0,598.0,60.0,135.0,1.0,-1,-1,-1
346,20,706.0,598.0,59.0,133.0,1.0,-1,-1,-1
347,20,705.0,598.0,59.0,131.0,1.0,-1,-1,-1
339,21,386.0,429.0,50.0,121.0,1.0,-1,-1,-1
340,21,386.0,428.0,50.0,122.0,1.0,-1,-1,-1
341,21,386.0,427.0,49.0,123.0,1.0,-1,-1,-1
342,21,386.0,424.0,49.0,124.0,1.0,-1,-1,-1
343,21,386.0,423.0,50.0,124.0,1.0,-1,-1,-1
344,21,385.0,425.0,49.0,121.0,1.0,-1,-1,-1
345,21,385.0,424.0,49.0,121.0,1.0,-1,-1,-1
346,21,385.0,423.0,50.0,120.0,1.0,-1,-1,-1
347,21,385.0,422.0,50.0,119.0,1.0,-1,-1,-1
348,21,384.0,420.0,50.0,119.0,1.0,-1,-1,-1
354,22,556.0,561.0,71.0,133.0,1.0,-1,-1,-1
355,22,553.0,557.0,71.0,135.0,1.0,-1,-1,-1
356,22,552.0,554.0,72.0,137.0,1.0,-1,-1,-1
357,22,552.0,550.0,71.0,139.0,1.0,-1,-1,-1
358,22,551.0,550.0,71.0,139.0,1.0,-1,-1,-1
359,22,550.0,549.0,72.0,139.0,1.0,-1,-1,-1
360,22,550.0,549.0,71.0,138.0,1.0,-1,-1,-1
361,22,549.0,546.0,71.0,139.0,1.0,-1,-1,-1
362,22,548.0,545.0,72.0,138.0,1.0,-1,-1,-1
340,23,532.0,406.0,53.0,118.0,1.0,-1,-1,-1
341,23,531.0,405.0,53.0,119.0,1.0,-1,-1,-1
342,23,530.0,404.0,54.0,117.0,1.0,-1,-1,-1
343,23,531.0,402.0,53.0,118.0,1.0,-1,-1,-1
344,23,530.0,400.0,53.0,119.0,1.0,-1,-1,-1
345,23,530.0,397.0,54.0,119.0,1.0,-1,-1,-1
346,23,530.0,395.0,53.0,121.0,1.0,-1,-1,-1
347,23,530.0,391.0,54.0,123.0,1.0,-1,-1,-1
348,23,529.0,389.0,55.0,123.0,1.0,-1,-1,-1
349,23,529.0,390.0,55.0,121.0,1.0,-1,-1,-1
350,23,529.0,390.0,55.0,120.0,1.0,-1,-1,-1
351,23,529.0,388.0,56.0,118.0,1.0,-1,-1,-1
352,23,530.0,387.0,56.0,118.0,1.0,-1,-1,-1
353,23,530.0,385.0,55.0,119.0,1.0,-1,-1,-1
354,23,531.0,384.0,54.0,120.0,1.0,-1,-1,-1
355,23,531.0,382.0,55.0,119.0,1.0,-1,-1,-1
356,23,531.0,380.0,54.0,119.0,1.0,-1,-1,-1
357,23,532.0,377.0,54.0,120.0,1.0,-1,-1,-1
358,23,532.0,375.0,54.0,119.0,1.0,-1,-1,-1
359,23,531.0,375.0,53.0,117.0,1.0,-1,-1,-1
360,23,531.0,374.0,53.0,117.0,1.0,-1,-1,-1
361,23,530.0,372.0,52.0,118.0,1.0,-1,-1,-1
362,23,529.0,372.0,52.0,117.0,1.0,-1,-1,-1
363,23,529.0,371.0,52.0,117.0,1.0,-1,-1,-1
364,23,528.0,368.0,53.0,118.0,1.0,-1,-1,-1
365,23,528.0,367.0,52.0,118.0,1.0,-1,-1,-1
366,23,528.0,364.0,51.0,117.0,1.0,-1,-1,-1
367,23,527.0,362.0,53.0,118.0,1.0,-1,-1,-1
368,23,527.0,361.0,52.0,115.0,1.0,-1,-1,-1
369,23,527.0,358.0,54.0,116.0,1.0,-1,-1,-1
370,23,526.0,356.0,54.0,116.0,1.0,-1,-1,-1
371,23,526.0,355.0,55.0,115.0,1.0,-1,-1,-1
361,24,382.0,406.0,50.0,115.0,1.0,-1,-1,-1
362,24,382.0,404.0,50.0,117.0,1.0,-1,-1,-1
363,24,383.0,401.0,49.0,119.0,1.0,-1,-1,-1
364,24,383.0,399.0,49.0,119.0,1.0,-1,-1,-1
365,24,383.0,397.0,49.0,120.0,1.0,-1,-1,-1
366,24,384.0,396.0,49.0,121.0,1.0,-1,-1,-1
367,24,383.0,395.0,49.0,121.0,1.0,-1,-1,-1
368,24,384.0,394.0,49.0,121.0,1.0,-1,-1,-1
369,24,383.0,394.0,49.0,120.0,1.0,-1,-1,-1
370,24,382.0,393.0,49.0,117.0,1.0,-1,-1,-1
371,24,382.0,392.0,49.0,117.0,1.0,-1,-1,-1
372,24,382.0,390.0,48.0,116.0,1.0,-1,-1,-1
373,24,382.0,388.0,49.0,117.0,1.0,-1,-1,-1
374,24,380.0,386.0,50.0,116.0,1.0,-1,-1,-1
374,25,527.0,352.0,53.0,113.0,1.0,-1,-1,-1
375,25,527.0,350.0,53.0,115.0,1.0,-1,-1,-1
376,25,528.0,349.0,52.0,115.0,1.0,-1,-1,-1
377,25,528.0,347.0,52.0,114.0,1.0,-1,-1,-1
378,25,527.0,345.0,53.0,115.0,1.0,-1,-1,-1
379,25,527.0,342.0,53.0,115.0,1.0,-1,-1,-1
380,25,526.0,338.0,53.0,116.0,1.0,-1,-1,-1
381,25,526.0,338.0,52.0,115.0,1.0,-1,-1,-1
382,25,526.0,337.0,52.0,116.0,1.0,-1,-1,-1
388,26,524.0,492.0,71.0,130.0,1.0,-1,-1,-1
389,26,525.0,489.0,68.0,133.0,1.0,-1,-1,-1
390,26,523.0,486.0,69.0,134.0,1.0,-1,-1,-1
391,26,522.0,484.0,71.0,136.0,1.0,-1,-1,-1
392,26,521.0,483.0,72.0,135.0,1.0,-1,-1,-1
381,27,380.0,380.0,49.0,115.0,1.0,-1,-1,-1
382,27,381.0,380.0,48.0,115.0,1.0,-1,-1,-1
383,27,381.0,379.0,49.0,115.0,1.0,-1,-1,-1
384,27,380.0,377.0,49.0,116.0,1.0,-1,-1,-1
385,27,380.0,376.0,49.0,115.0,1.0,-1,-1,-1
386,27,380.0,374.0,50.0,115.0,1.0,-1,-1,-1
387,27,379.0,372.0,50.0,116.0,1.0,-1,-1,-1
388,27,379.0,369.0,51.0,118.0,1.0,-1,-1,-1
389,27,380.0,366.0,50.0,119.0,1.0,-1,-1,-1
390,27,380.0,366.0,50.0,118.0,1.0,-1,-1,-1
391,27,381.0,365.0,48.0,119.0,1.0,-1,-1,-1
392,27,381.0,364.0,48.0,120.0,1.0,-1,-1,-1
393,27,381.0,363.0,49.0,120.0,1.0,-1,-1,-1
394,27,381.0,363.0,48.0,118.0,1.0,-1,-1,-1
396,28,379.0,362.0,49.0,114.0,1.0,-1,-1,-1
397,28,379.0,360.0,49.0,114.0,1.0,-1,-1,-1
398,28,378.0,359.0,49.0,115.0,1.0,-1,-1,-1
399,28,378.0,356.0,49.0,116.0,1.0,-1,-1,-1
400,28,379.0,355.0,49.0,116.0,1.0,-1,-1,-1
401,28,378.0,354.0,49.0,115.0,1.0,-1,-1,-1
402,28,379.0,354.0,49.0,115.0,1.0,-1,-1,-1
403,28,378.0,352.0,49.0,115.0,1.0,-1,-1,-1
404,28,379.0,351.0,49.0,117.0,1.0,-1,-1,-1
405,28,379.0,351.0,49.0,116.0,1.0,-1,-1,-1
406,28,379.0,350.0,49.0,116.0,1.0,-1,-1,-1
407,28,379.0,349.0,49.0,116.0,1.0,-1,-1,-1
399,29,523.0,313.0,52.0,111.0,1.0,-1,-1,-1
400,29,522.0,309.0,54.0,111.0,1.0,-1,-1,-1
401,29,522.0,306.0,53.0,112.0,1.0,-1,-1,-1
402,29,521.0,304.0,54.0,113.0,1.0,-1,-1,-1
403,29,521.0,304.0,54.0,113.0,1.0,-1,-1,-1
404,29,524.0,303.0,50.0,111.0,1.0,-1,-1,-1
405,29,523.0,302.0,51.0,111.0,1.0,-1,-1,-1
406,29,522.0,302.0,50.0,111.0,1.0,-1,-1,-1
407,29,522.0,300.0,52.0,111.0,1.0,-1,-1,-1
408,29,521.0,299.0,51.0,111.0,1.0,-1,-1,-1
410,30,379.0,346.0,49.0,114.0,1.0,-1,-1,-1
411,30,379.0,344.0,49.0,113.0,1.0,-1,-1,-1
412,30,380.0,343.0,49.0,112.0,1.0,-1,-1,-1
413,30,379.0,341.0,49.0,113.0,1.0,-1,-1,-1
414,30,379.0,339.0,49.0,113.0,1.0,-1,-1,-1
415,30,379.0,339.0,49.0,114.0,1.0,-1,-1,-1
416,30,379.0,338.0,49.0,115.0,1.0,-1,-1,-1
417,30,379.0,337.0,48.0,117.0,1.0,-1,-1,-1
418,30,379.0,337.0,49.0,114.0,1.0,-1,-1,-1
419,30,379.0,336.0,49.0,114.0,1.0,-1,-1,-1
420,30,378.0,335.0,49.0,113.0,1.0,-1,-1,-1
421,30,379.0,334.0,49.0,112.0,1.0,-1,-1,-1
422,30,379.0,331.0,48.0,113.0,1.0,-1,-1,-1
423,30,378.0,329.0,49.0,116.0,1.0,-1,-1,-1
424,30,378.0,328.0,48.0,115.0,1.0,-1,-1,-1
425,30,379.0,326.0,48.0,116.0,1.0,-1,-1,-1
426,30,378.0,325.0,48.0,114.0,1.0,-1,-1,-1
427,30,378.0,324.0,48.0,115.0,1.0,-1,-1,-1
428,30,379.0,324.0,48.0,115.0,1.0,-1,-1,-1
429,30,378.0,323.0,48.0,114.0,1.0,-1,-1,-1
430,30,379.0,324.0,47.0,112.0,1.0,-1,-1,-1
436,31,848.0,740.0,68.0,137.0,1.0,-1,-1,-1
437,31,846.0,736.0,67.0,139.0,1.0,-1,-1,-1
438,31,843.0,735.0,67.0,141.0,1.0,-1,-1,-1
439,31,841.0,733.0,68.0,141.0,1.0,-1,-1,-1
440,31,840.0,731.0,67.0,142.0,1.0,-1,-1,-1
441,31,839.0,728.0,65.0,141.0,1.0,-1,-1,-1
456,32,1092.0,594.0,58.0,133.0,1.0,-1,-1,-1
457,32,1091.0,593.0,59.0,132.0,1.0,-1,-1,-1
458,32,1092.0,593.0,58.0,133.0,1.0,-1,-1,-1
459,32,1092.0,592.0,59.0,134.0,1.0,-1,-1,-1
460,32,1092.0,593.0,59.0,133.0,1.0,-1,-1,-1
461,32,1091.0,592.0,59.0,132.0,1.0,-1,-1,-1
462,32,1091.0,592.0,59.0,133.0,1.0,-1,-1,-1
461,33,378.0,294.0,48.0,107.0,1.0,-1,-1,-1
462,33,377.0,293.0,48.0,108.0,1.0,-1,-1,-1
463,33,378.0,292.0,48.0,108.0,1.0,-1,-1,-1
464,33,377.0,291.0,49.0,108.0,1.0,-1,-1,-1
465,33,378.0,292.0,48.0,105.0,1.0,-1,-1,-1
466,33,379.0,291.0,48.0,107.0,1.0,-1,-1,-1
467,33,379.0,291.0,47.0,106.0,1.0,-1,-1,-1
468,33,379.0,291.0,48.0,105.0,1.0,-1,-1,-1
469,33,379.0,289.0,47.0,106.0,1.0,-1,-1,-1
470,33,379.0,289.0,48.0,104.0,1.0,-1,-1,-1
466,34,528.0,217.0,49.0,109.0,1.0,-1,-1,-1
467,34,528.0,216.0,49.0,109.0,1.0,-1,-1,-1
468,34,527.0,217.0,49.0,108.0,1.0,-1,-1,-1
469,34,529.0,217.0,48.0,108.0,1.0,-1,-1,-1
470,34,529.0,216.0,48.0,108.0,1.0,-1,-1,-1
471,34,530.0,216.0,48.0,108.0,1.0,-1,-1,-1
472,34,529.0,216.0,48.0,107.0,1.0,-1,-1,-1
442,35,502.0,403.0,62.0,126.0,1.0,-1,-1,-1
443,35,501.0,401.0,61.0,123.0,1.0,-1,-1,-1
444,35,501.0,399.0,60.0,124.0,1.0,-1,-1,-1
445,35,502.0,396.0,58.0,124.0,1.0,-1,-1,-1
446,35,501.0,393.0,58.0,124.0,1.0,-1,-1,-1
447,35,501.0,391.0,58.0,125.0,1.0,-1,-1,-1
448,35,503.0,387.0,57.0,127.0,1.0,-1,-1,-1
449,35,502.0,386.0,59.0,128.0,1.0,-1,-1,-1
450,35,501.0,387.0,59.0,127.0,1.0,-1,-1,-1
451,35,501.0,385.0,59.0,128.0,1.0,-1,-1,-1
452,35,501.0,384.0,59.0,126.0,1.0,-1,-1,-1
453,35,501.0,383.0,57.0,126.0,1.0,-1,-1,-1
454,35,501.0,383.0,57.0,123.0,1.0,-1,-1,-1
455,35,500.0,381.0,57.0,121.0,1.0,-1,-1,-1
456,35,501.0,378.0,55.0,125.0,1.0,-1,-1,-1
457,35,500.0,377.0,56.0,125.0,1.0,-1,-1,-1
458,35,498.0,374.0,57.0,127.0,1.0,-1,-1,-1
459,35,497.0,373.0,57.0,127.0,1.0,-1,-1,-1
460,35,497.0,372.0,57.0,126.0,1.0,-1,-1,-1
461,35,497.0,372.0,58.0,126.0,1.0,-1,-1,-1
462,35,496.0,372.0,58.0,126.0,1.0,-1,-1,-1
463,35,496.0,371.0,58.0,125.0,1.0,-1,-1,-1
464,35,496.0,371.0,59.0,124.0,1.0,-1,-1,-1
465,35,495.0,369.0,58.0,123.0,1.0,-1,-1,-1
466,35,496.0,368.0,58.0,121.0,1.0,-1,-1,-1
467,35,495.0,365.0,58.0,122.0,1.0,-1,-1,-1
468,35,494.0,364.0,59.0,120.0,1.0,-1,-1,-1
469,35,494.0,359.0,58.0,123.0,1.0,-1,-1,-1
470,35,493.0,358.0,57.0,122.0,1.0,-1,-1,-1
471,35,493.0,355.0,57.0,124.0,1.0,-1,-1,-1
472,35,493.0,356.0,58.0,123.0,1.0,-1,-1,-1
473,35,492.0,355.0,57.0,123.0,1.0,-1,-1,-1
474,35,492.0,353.0,58.0,124.0,1.0,-1,-1,-1
475,35,490.0,352.0,59.0,124.0,1.0,-1,-1,-1
476,35,491.0,351.0,58.0,121.0,1.0,-1,-1,-1
477,35,491.0,349.0,58.0,122.0,1.0,-1,-1,-1
478,35,490.0,347.0,57.0,123.0,1.0,-1,-1,-1
479,35,490.0,345.0,58.0,122.0,1.0,-1,-1,-1
470,36,944.0,313.0,53.0,108.0,1.0,-1,-1,-1
471,36,944.0,313.0,53.0,108.0,1.0,-1,-1,-1
472,36,943.0,312.0,53.0,108.0,1.0,-1,-1,-1
473,36,942.0,312.0,53.0,107.0,1.0,-1,-1,-1
474,36,941.0,310.0,54.0,108.0,1.0,-1,-1,-1
475,36,941.0,311.0,55.0,108.0,1.0,-1,-1,-1
476,36,940.0,310.0,54.0,106.0,1.0,-1,-1,-1
477,36,941.0,310.0,54.0,106.0,1.0,-1,-1,-1
478,36,941.0,309.0,54.0,107.0,1.0,-1,-1,-1
479,36,940.0,308.0,54.0,108.0,1.0,-1,-1,-1
464,37,1090.0,593.0,61.0,132.0,1.0,-1,-1,-1
465,37,1090.0,593.0,61.0,131.0,1.0,-1,-1,-1
466,37,1090.0,592.0,61.0,131.0,1.0,-1,-1,-1
467,37,1090.0,593.0,62.0,129.0,1.0,-1,-1,-1
468,37,1090.0,593.0,61.0,131.0,1.0,-1,-1,-1
469,37,1090.0,593.0,62.0,132.0,1.0,-1,-1,-1
470,37,1090.0,593.0,61.0,131.0,1.0,-1,-1,-1
471,37,1091.0,594.0,60.0,131.0,1.0,-1,-1,-1
472,37,1091.0,595.0,60.0,130.0,1.0,-1,-1,-1
473,37,1091.0,597.0,60.0,129.0,1.0,-1,-1,-1
474,37,1091.0,596.0,60.0,129.0,1.0,-1,-1,-1
475,37,1091.0,595.0,61.0,131.0,1.0,-1,-1,-1
476,37,1092.0,595.0,61.0,131.0,1.0,-1,-1,-1
477,37,1092.0,595.0,62.0,131.0,1.0,-1,-1,-1
478,37,1093.0,595.0,61.0,131.0,1.0,-1,-1,-1
479,37,1093.0,596.0,61.0,131.0,1.0,-1,-1,-1
480,37,1095.0,595.0,60.0,132.0,1.0,-1,-1,-1
481,37,1094.0,594.0,60.0,132.0,1.0,-1,-1,-1
476,38,376.0,281.0,51.0,103.0,1.0,-1,-1,-1
477,38,377.0,280.0,51.0,103.0,1.0,-1,-1,-1
478,38,378.0,281.0,49.0,102.0,1.0,-1,-1,-1
479,38,379.0,280.0,49.0,102.0,1.0,-1,-1,-1
480,38,379.0,280.0,48.0,102.0,1.0,-1,-1,-1
481,38,380.0,281.0,48.0,100.0,1.0,-1,-1,-1
482,38,380.0,278.0,47.0,101.0,1.0,-1,-1,-1
483,38,381.0,276.0,48.0,102.0,1.0,-1,-1,-1
484,38,380.0,275.0,48.0,103.0,1.0,-1,-1,-1
485,38,381.0,273.0,48.0,104.0,1.0,-1,-1,-1
486,38,380.0,272.0,48.0,105.0,1.0,-1,-1,-1
487,38,381.0,270.0,47.0,103.0,1.0,-1,-1,-1
488,38,379.0,269.0,49.0,105.0,1.0,-1,-1,-1
489,38,380.0,267.0,48.0,103.0,1.0,-1,-1,-1
490,38,381.0,267.0,48.0,103.0,1.0,-1,-1,-1
481,39,489.0,343.0,58.0,123.0,1.0,-1,-1,-1
482,39,490.0,342.0,59.0,123.0,1.0,-1,-1,-1
483,39,489.0,341.0,59.0,122.0,1.0,-1,-1,-1
484,39,490.0,340.0,59.0,122.0,1.0,-1,-1,-1
485,39,489.0,340.0,60.0,122.0,1.0,-1,-1,-1
486,39,489.0,338.0,60.0,122.0,1.0,-1,-1,-1
487,39,490.0,338.0,58.0,121.0,1.0,-1,-1,-1
488,39,490.0,335.0,59.0,122.0,1.0,-1,-1,-1
489,39,489.0,334.0,59.0,121.0,1.0,-1,-1,-1
490,39,489.0,331.0,60.0,121.0,1.0,-1,-1,-1
491,39,489.0,328.0,58.0,120.0,1.0,-1,-1,-1
492,39,489.0,326.0,58.0,121.0,1.0,-1,-1,-1
493,39,489.0,326.0,57.0,121.0,1.0,-1,-1,-1
494,39,490.0,323.0,57.0,122.0,1.0,-1,-1,-1
495,39,490.0,322.0,56.0,123.0,1.0,-1,-1,-1
496,39,490.0,323.0,57.0,123.0,1.0,-1,-1,-1
497,39,490.0,322.0,56.0,124.0,1.0,-1,-1,-1
498,39,490.0,321.0,57.0,121.0,1.0,-1,-1,-1
499,39,490.0,320.0,56.0,119.0,1.0,-1,-1,-1
500,39,489.0,318.0,58.0,119.0,1.0,-1,-1,-1
501,39,489.0,317.0,59.0,119.0,1.0,-1,-1,-1
502,39,490.0,314.0,58.0,120.0,1.0,-1,-1,-1
503,39,490.0,312.0,57.0,122.0,1.0,-1,-1,-1
497,40,936.0,292.0,56.0,106.0,1.0,-1,-1,-1
498,40,936.0,291.0,55.0,105.0,1.0,-1,-1,-1
499,40,935.0,290.0,56.0,105.0,1.0,-1,-1,-1
500,40,935.0,289.0,56.0,106.0,1.0,-1,-1,-1
501,40,935.0,288.0,56.0,107.0,1.0,-1,-1,-1
502,40,934.0,288.0,57.0,106.0,1.0,-1,-1,-1
503,40,934.0,288.0,58.0,107.0,1.0,-1,-1,-1
486,41,591.0,386.0,62.0,111.0,1.0,-1,-1,-1
487,41,591.0,386.0,61.0,113.0,1.0,-1,-1,-1
488,41,591.0,385.0,60.0,114.0,1.0,-1,-1,-1
489,41,591.0,384.0,60.0,114.0,1.0,-1,-1,-1
490,41,591.0,384.0,60.0,114.0,1.0,-1,-1,-1
491,41,590.0,384.0,59.0,111.0,1.0,-1,-1,-1
492,41,590.0,383.0,60.0,112.0,1.0,-1,-1,-1
493,41,591.0,382.0,58.0,111.0,1.0,-1,-1,-1
494,41,590.0,380.0,58.0,110.0,1.0,-1,-1,-1
495,41,590.0,380.0,58.0,108.0,1.0,-1,-1,-1
496,41,591.0,379.0,57.0,108.0,1.0,-1,-1,-1
497,41,591.0,377.0,56.0,108.0,1.0,-1,-1,-1
498,41,591.0,377.0,57.0,107.0,1.0,-1,-1,-1
499,41,590.0,376.0,57.0,107.0,1.0,-1,-1,-1
500,41,591.0,375.0,56.0,107.0,1.0,-1,-1,-1
501,41,590.0,375.0,56.0,107.0,1.0,-1,-1,-1
502,41,591.0,374.0,56.0,107.0,1.0,-1,-1,-1
503,41,591.0,374.0,56.0,107.0,1.0,-1,-1,-1
504,41,591.0,374.0,55.0,105.0,1.0,-1,-1,-1
511,42,1107.0,589.0,62.0,129.0,1.0,-1,-1,-1
512,42,1108.0,589.0,61.0,129.0,1.0,-1,-1,-1
513,42,1110.0,588.0,60.0,130.0,1.0,-1,-1,-1
514,42,1111.0,588.0,59.0,129.0,1.0,-1,-1,-1
515,42,1113.0,587.0,59.0,132.0,1.0,-1,-1,-1
516,42,1115.0,586.0,57.0,133.0,1.0,-1,-1,-1
517,42,1115.0,586.0,57.0,133.0,1.0,-1,-1,-1
518,42,1115.0,586.0,57.0,132.0,1.0,-1,-1,-1
519,42,1115.0,587.0,57.0,131.0,1.0,-1,-1,-1
520,42,1114.0,588.0,58.0,130.0,1.0,-1,-1,-1
518,43,587.0,356.0,56.0,106.0,1.0,-1,-1,-1
519,43,587.0,353.0,55.0,105.0,1.0,-1,-1,-1
520,43,587.0,352.0,56.0,106.0,1.0,-1,-1,-1
521,43,587.0,352.0,55.0,105.0,1.0,-1,-1,-1
522,43,588.0,351.0,55.0,105.0,1.0,-1,-1,-1
523,43,587.0,349.0,56.0,105.0,1.0,-1,-1,-1
524,43,587.0,349.0,56.0,106.0,1.0,-1,-1,-1
525,43,587.0,348.0,57.0,106.0,1.0,-1,-1,-1
526,43,586.0,348.0,57.0,105.0,1.0,-1,-1,-1
527,43,587.0,347.0,56.0,105.0,1.0,-1,-1,-1
520,44,490.0,295.0,58.0,118.0,1.0,-1,-1,-1
521,44,490.0,294.0,58.0,117.0,1.0,-1,-1,-1
522,44,491.0,292.0,58.0,117.0,1.0,-1,-1,-1
523,44,491.0,291.0,58.0,115.0,1.0,-1,-1,-1
524,44,491.0,289.0,57.0,116.0,1.0,-1,-1,-1
525,44,491.0,287.0,57.0,117.0,1.0,-1,-1,-1
526,44,491.0,287.0,56.0,115.0,1.0,-1,-1,-1
527,44,490.0,285.0,57.0,116.0,1.0,-1,-1,-1
528,44,490.0,285.0,56.0,116.0,1.0,-1,-1,-1
529,44,491.0,285.0,55.0,114.0,1.0,-1,-1,-1
530,44,490.0,285.0,55.0,114.0,1.0,-1,-1,-1
551,45,589.0,328.0,56.0,101.0,1.0,-1,-1,-1
552,45,588.0,327.0,55.0,103.0,1.0,-1,-1,-1
553,45,588.0,325.0,56.0,102.0,1.0,-1,-1,-1
554,45,588.0,324.0,56.0,102.0,1.0,-1,-1,-1
555,45,588.0,323.0,55.0,103.0,1.0,-1,-1,-1
561,46,589.0,320.0,53.0,102.0,1.0,-1,-1,-1
562,46,589.0,319.0,53.0,102.0,1.0,-1,-1,-1
563,46,589.0,320.0,53.0,102.0,1.0,-1,-1,-1
564,46,588.0,319.0,53.0,103.0,1.0,-1,-1,-1
565,46,588.0,318.0,53.0,101.0,1.0,-1,-1,-1
566,46,588.0,316.0,52.0,102.0,1.0,-1,-1,-1
569,47,1128.0,609.0,44.0,135.0,1.0,-1,-1,-1
570,47,1128.0,610.0,44.0,135.0,1.0,-1,-1,-1
571,47,1128.0,612.0,44.0,133.0,1.0,-1,-1,-1
572,47,1127.0,612.0,45.0,133.0,1.0,-1,-1,-1
573,47,1128.0,614.0,44.0,131.0,1.0,-1,-1,-1
574,47,1128.0,614.0,44.0,132.0,1.0,-1,-1,-1
575,47,1128.0,614.0,44.0,132.0,1.0,-1,-1,-1
576,47,1128.0,614.0,44.0,130.0,1.0,-1,-1,-1
577,47,1128.0,614.0,44.0,131.0,1.0,-1,-1,-1
585,48,1128.0,618.0,43.0,133.0,1.0,-1,-1,-1
586,48,1129.0,620.0,43.0,133.0,1.0,-1,-1,-1
587,48,1129.0,619.0,43.0,132.0,1.0,-1,-1,-1
588,48,1128.0,619.0,43.0,133.0,1.0,-1,-1,-1
589,48,1128.0,618.0,43.0,132.0,1.0,-1,-1,-1
590,48,1128.0,619.0,43.0,133.0,1.0,-1,-1,-1
591,48,1128.0,621.0,43.0,132.0,1.0,-1,-1,-1
552,49,494.0,262.0,58.0,111.0,1.0,-1,-1,-1
553,49,493.0,262.0,58.0,111.0,1.0,-1,-1,-1
554,49,493.0,262.0,59.0,110.0,1.0,-1,-1,-1
555,49,495.0,262.0,58.0,109.0,1.0,-1,-1,-1
556,49,494.0,262.0,58.0,109.0,1.0,-1,-1,-1
557,49,495.0,261.0,58.0,108.0,1.0,-1,-1,-1
558,49,496.0,259.0,57.0,109.0,1.0,-1,-1,-1
559,49,496.0,259.0,57.0,109.0,1.0,-1,-1,-1
560,49,497.0,257.0,56.0,109.0,1.0,-1,-1,-1
561,49,497.0,257.0,56.0,109.0,1.0,-1,-1,-1
562,49,497.0,256.0,54.0,110.0,1.0,-1,-1,-1
563,49,498.0,256.0,54.0,108.0,1.0,-1,-1,-1
564,49,497.0,255.0,54.0,109.0,1.0,-1,-1,-1
565,49,496.0,256.0,55.0,108.0,1.0,-1,-1,-1
566,49,496.0,255.0,55.0,108.0,1.0,-1,-1,-1
567,49,496.0,257.0,54.0,106.0,1.0,-1,-1,-1
568,49,496.0,255.0,55.0,107.0,1.0,-1,-1,-1
569,49,496.0,254.0,55.0,105.0,1.0,-1,-1,-1
570,49,495.0,252.0,55.0,106.0,1.0,-1,-1,-1
571,49,496.0,252.0,55.0,105.0,1.0,-1,-1,-1
572,49,496.0,252.0,55.0,105.0,1.0,-1,-1,-1
573,49,498.0,250.0,54.0,106.0,1.0,-1,-1,-1
574,49,498.0,250.0,54.0,106.0,1.0,-1,-1,-1
575,49,499.0,250.0,53.0,105.0,1.0,-1,-1,-1
576,49,498.0,250.0,55.0,105.0,1.0,-1,-1,-1
577,49,499.0,248.0,54.0,106.0,1.0,-1,-1,-1
578,49,499.0,246.0,54.0,107.0,1.0,-1,-1,-1
579,49,500.0,247.0,53.0,106.0,1.0,-1,-1,-1
580,49,499.0,245.0,53.0,106.0,1.0,-1,-1,-1
581,49,500.0,245.0,52.0,106.0,1.0,-1,-1,-1
582,49,500.0,243.0,52.0,104.0,1.0,-1,-1,-1
583,49,501.0,241.0,51.0,107.0,1.0,-1,-1,-1
584,49,500.0,241.0,53.0,108.0,1.0,-1,-1,-1
585,49,500.0,241.0,53.0,108.0,1.0,-1,-1,-1
586,49,501.0,241.0,51.0,108.0,1.0,-1,-1,-1
587,49,502.0,239.0,52.0,110.0,1.0,-1,-1,-1
588,49,503.0,238.0,52.0,111.0,1.0,-1,-1,-1
589,49,502.0,237.0,53.0,109.0,1.0,-1,-1,-1
590,49,501.0,235.0,53.0,110.0,1.0,-1,-1,-1
591,49,500.0,236.0,55.0,107.0,1.0,-1,-1,-1
592,49,500.0,235.0,54.0,106.0,1.0,-1,-1,-1
593,49,501.0,234.0,53.0,105.0,1.0,-1,-1,-1
594,49,502.0,232.0,53.0,105.0,1.0,-1,-1,-1
595,49,501.0,231.0,54.0,105.0,1.0,-1,-1,-1
596,49,500.0,231.0,55.0,104.0,1.0,-1,-1,-1
597,49,500.0,232.0,55.0,103.0,1.0,-1,-1,-1
598,49,501.0,232.0,55.0,103.0,1.0,-1,-1,-1
599,49,502.0,231.0,54.0,103.0,1.0,-1,-1,-1
600,49,503.0,232.0,54.0,103.0,1.0,-1,-1,-1
601,49,504.0,232.0,54.0,103.0,1.0,-1,-1,-1
602,49,504.0,230.0,53.0,102.0,1.0,-1,-1,-1
603,49,505.0,230.0,50.0,101.0,1.0,-1,-1,-1
604,49,506.0,229.0,50.0,103.0,1.0,-1,-1,-1
605,49,505.0,226.0,50.0,103.0,1.0,-1,-1,-1
606,49,506.0,225.0,48.0,104.0,1.0,-1,-1,-1
615,50,332.0,751.0,67.0,128.0,1.0,-1,-1,-1
616,50,332.0,748.0,67.0,131.0,1.0,-1,-1,-1
617,50,331.0,748.0,66.0,130.0,1.0,-1,-1,-1
618,50,331.0,746.0,65.0,132.0,1.0,-1,-1,-1
619,50,330.0,745.0,66.0,133.0,1.0,-1,-1,-1
620,50,329.0,744.0,66.0,133.0,1.0,-1,-1,-1
621,50,329.0,744.0,65.0,134.0,1.0,-1,-1,-1
622,50,329.0,743.0,65.0,134.0,1.0,-1,-1,-1
623,50,329.0,742.0,64.0,136.0,1.0,-1,-1,-1
638,51,1016.0,745.0,74.0,134.0,1.0,-1,-1,-1
639,51,1015.0,743.0,73.0,135.0,1.0,-1,-1,-1
640,51,1013.0,742.0,73.0,136.0,1.0,-1,-1,-1
641,51,1012.0,741.0,72.0,136.0,1.0,-1,-1,-1
642,51,1011.0,740.0,71.0,137.0,1.0,-1,-1,-1
654,52,991.0,528.0,59.0,125.0,1.0,-1,-1,-1
655,52,991.0,526.0,59.0,124.0,1.0,-1,-1,-1
656,52,990.0,525.0,59.0,124.0,1.0,-1,-1,-1
657,52,989.0,525.0,59.0,121.0,1.0,-1,-1,-1
658,52,988.0,524.0,58.0,120.0,1.0,-1,-1,-1
658,53,616.0,409.0,52.0,111.0,1.0,-1,-1,-1
659,53,617.0,407.0,52.0,112.0,1.0,-1,-1,-1
660,53,616.0,405.0,54.0,112.0,1.0,-1,-1,-1
661,53,616.0,403.0,53.0,112.0,1.0,-1,-1,-1
662,53,615.0,400.0,54.0,112.0,1.0,-1,-1,-1
663,53,615.0,398.0,54.0,113.0,1.0,-1,-1,-1
664,53,616.0,397.0,53.0,110.0,1.0,-1,-1,-1
665,53,616.0,396.0,53.0,110.0,1.0,-1,-1,-1
666,53,616.0,394.0,53.0,111.0,1.0,-1,-1,-1
667,53,617.0,393.0,53.0,111.0,1.0,-1,-1,-1
668,53,617.0,393.0,53.0,110.0,1.0,-1,-1,-1
669,53,617.0,392.0,52.0,111.0,1.0,-1,-1,-1
670,53,617.0,391.0,52.0,110.0,1.0,-1,-1,-1
674,54,616.0,383.0,52.0,110.0,1.0,-1,-1,-1
675,54,615.0,381.0,53.0,109.0,1.0,-1,-1,-1
676,54,617.0,380.0,52.0,109.0,1.0,-1,-1,-1
677,54,618.0,377.0,51.0,110.0,1.0,-1,-1,-1
678,54,619.0,376.0,50.0,109.0,1.0,-1,-1,-1
676,55,566.0,208.0,45.0,93.0,1.0,-1,-1,-1
677,55,565.0,206.0,46.0,96.0,1.0,-1,-1,-1
678,55,565.0,206.0,45.0,95.0,1.0,-1,-1,-1
679,55,565.0,206.0,45.0,95.0,1.0,-1,-1,-1
680,55,565.0,206.0,45.0,94.0,1.0,-1,-1,-1
680,56,618.0,372.0,51.0,112.0,1.0,-1,-1,-1
681,56,618.0,372.0,51.0,111.0,1.0,-1,-1,-1
682,56,618.0,372.0,51.0,111.0,1.0,-1,-1,-1
683,56,617.0,371.0,52.0,111.0,1.0,-1,-1,-1
684,56,617.0,369.0,51.0,110.0,1.0,-1,-1,-1
685,56,617.0,369.0,51.0,108.0,1.0,-1,-1,-1
686,56,617.0,366.0,52.0,108.0,1.0,-1,-1,-1
687,56,616.0,365.0,52.0,109.0,1.0,-1,-1,-1
688,56,616.0,362.0,52.0,109.0,1.0,-1,-1,-1
689,56,616.0,360.0,51.0,109.0,1.0,-1,-1,-1
693,57,79.0,441.0,55.0,116.0,1.0,-1,-1,-1
694,57,80.0,439.0,55.0,117.0,1.0,-1,-1,-1
695,57,82.0,438.0,56.0,116.0,1.0,-1,-1,-1
696,57,83.0,437.0,55.0,116.0,1.0,-1,-1,-1
697,57,84.0,435.0,54.0,117.0,1.0,-1,-1,-1
698,57,85.0,434.0,55.0,116.0,1.0,-1,-1,-1
695,58,613.0,355.0,54.0,111.0,1.0,-1,-1,-1
696,58,614.0,353.0,52.0,111.0,1.0,-1,-1,-1
697,58,613.0,351.0,52.0,110.0,1.0,-1,-1,-1
698,58,614.0,349.0,52.0,111.0,1.0,-1,-1,-1
699,58,614.0,348.0,52.0,110.0,1.0,-1,-1,-1
700,58,614.0,346.0,52.0,111.0,1.0,-1,-1,-1
703,59,614.0,343.0,53.0,110.0,1.0,-1,-1,-1
704,59,614.0,344.0,53.0,109.0,1.0,-1,-1,-1
705,59,614.0,342.0,53.0,110.0,1.0,-1,-1,-1
706,59,614.0,341.0,53.0,110.0,1.0,-1,-1,-1
707,59,614.0,340.0,53.0,110.0,1.0,-1,-1,-1
708,59,613.0,340.0,53.0,109.0,1.0,-1,-1,-1
709,59,613.0,338.0,53.0,108.0,1.0,-1,-1,-1
705,60,566.0,183.0,44.0,89.0,1.0,-1,-1,-1
706,60,565.0,183.0,44.0,90.0,1.0,-1,-1,-1
707,60,565.0,181.0,44.0,90.0,1.0,-1,-1,-1
708,60,566.0,180.0,44.0,89.0,1.0,-1,-1,-1
709,60,565.0,179.0,44.0,90.0,1.0,-1,-1,-1
710,60,565.0,178.0,44.0,90.0,1.0,-1,-1,-1
710,61,506.0,425.0,55.0,120.0,1.0,-1,-1,-1
711,61,507.0,423.0,56.0,123.0,1.0,-1,-1,-1
712,61,506.0,422.0,56.0,122.0,1.0,-1,-1,-1
713,61,506.0,421.0,57.0,121.0,1.0,-1,-1,-1
714,61,506.0,421.0,57.0,121.0,1.0,-1,-1,-1
715,61,506.0,419.0,55.0,123.0,1.0,-1,-1,-1
716,61,506.0,418.0,55.0,124.0,1.0,-1,-1,-1
721,62,1127.0,617.0,45.0,132.0,1.0,-1,-1,-1
722,62,1127.0,617.0,45.0,131.0,1.0,-1,-1,-1
723,62,1126.0,617.0,46.0,132.0,1.0,-1,-1,-1
724,62,1126.0,617.0,46.0,133.0,1.0,-1,-1,-1
725,62,1127.0,617.0,45.0,132.0,1.0,-1,-1,-1
726,62,1126.0,617.0,46.0,132.0,1.0,-1,-1,-1
727,62,1127.0,617.0,45.0,132.0,1.0,-1,-1,-1
728,62,1126.0,618.0,46.0,131.0,1.0,-1,-1,-1
729,62,1126.0,618.0,46.0,132.0,1.0,-1,-1,-1
730,62,1126.0,618.0,46.0,132.0,1.0,-1,-1,-1
731,62,1126.0,617.0,46.0,133.0,1.0,-1,-1,-1
736,63,1125.0,619.0,47.0,128.0,1.0,-1,-1,-1
737,63,1125.0,619.0,47.0,129.0,1.0,-1,-1,-1
738,63,1125.0,619.0,47.0,130.0,1.0,-1,-1,-1
739,63,1125.0,619.0,47.0,130.0,1.0,-1,-1,-1
740,63,1126.0,619.0,46.0,130.0,1.0,-1,-1,-1
753,64,1126.0,621.0,46.0,127.0,1.0,-1,-1,-1
754,64,1126.0,620.0,46.0,128.0,1.0,-1,-1,-1
755,64,1127.0,619.0,45.0,129.0,1.0,-1,-1,-1
756,64,1128.0,620.0,44.0,129.0,1.0,-1,-1,-1
757,64,1127.0,619.0,45.0,130.0,1.0,-1,-1,-1
758,64,1128.0,619.0,44.0,130.0,1.0,-1,-1,-1
759,64,1128.0,619.0,44.0,130.0,1.0,-1,-1,-1
761,65,1127.0,620.0,45.0,130.0,1.0,-1,-1,-1
762,65,1127.0,620.0,45.0,130.0,1.0,-1,-1,-1
763,65,1127.0,620.0,45.0,129.0,1.0,-1,-1,-1
764,65,1127.0,619.0,45.0,131.0,1.0,-1,-1,-1
765,65,1128.0,619.0,44.0,131.0,1.0,-1,-1,-1
766,65,1128.0,621.0,44.0,129.0,1.0,-1,-1,-1
767,65,1128.0,620.0,44.0,130.0,1.0,-1,-1,-1
768,65,1128.0,620.0,44.0,131.0,1.0,-1,-1,-1
769,65,1127.0,619.0,45.0,132.0,1.0,-1,-1,-1
770,65,1127.0,620.0,45.0,131.0,1.0,-1,-1,-1
775,66,147.0,337.0,52.0,111.0,1.0,-1,-1,-1
776,66,148.0,336.0,54.0,111.0,1.0,-1,-1,-1
777,66,148.0,336.0,53.0,111.0,1.0,-1,-1,-1
778,66,148.0,335.0,55.0,109.0,1.0,-1,-1,-1
779,66,149.0,334.0,55.0,109.0,1.0,-1,-1,-1
780,66,148.0,333.0,56.0,110.0,1.0,-1,-1,-1
781,66,149.0,332.0,56.0,109.0,1.0,-1,-1,-1
782,66,149.0,330.0,56.0,111.0,1.0,-1,-1,-1
783,66,149.0,329.0,56.0,112.0,1.0,-1,-1,-1
780,67,901.0,349.0,60.0,108.0,1.0,-1,-1,-1
781,67,899.0,349.0,60.0,106.0,1.0,-1,-1,-1
782,67,900.0,347.0,59.0,107.0,1.0,-1,-1,-1
783,67,900.0,347.0,58.0,107.0,1.0,-1,-1,-1
784,67,899.0,348.0,58.0,107.0,1.0,-1,-1,-1
785,67,900.0,347.0,56.0,106.0,1.0,-1,-1,-1
786,67,900.0,347.0,56.0,106.0,1.0,-1,-1,-1
787,67,900.0,345.0,55.0,105.0,1.0,-1,-1,-1
788,67,899.0,346.0,56.0,102.0,1.0,-1,-1,-1
772,68,1128.0,621.0,44.0,131.0,1.0,-1,-1,-1
773,68,1128.0,620.0,44.0,131.0,1.0,-1,-1,-1
774,68,1128.0,620.0,44.0,131.0,1.0,-1,-1,-1
775,68,1127.0,621.0,45.0,129.0,1.0,-1,-1,-1
776,68,1127.0,621.0,45.0,130.0,1.0,-1,-1,-1
777,68,1126.0,622.0,46.0,130.0,1.0,-1,-1,-1
778,68,1127.0,622.0,45.0,129.0,1.0,-1,-1,-1
779,68,1127.0,622.0,45.0,129.0,1.0,-1,-1,-1
780,68,1126.0,622.0,46.0,129.0,1.0,-1,-1,-1
781,68,1128.0,623.0,44.0,129.0,1.0,-1,-1,-1
782,68,1127.0,622.0,45.0,131.0,1.0,-1,-1,-1
783,68,1127.0,623.0,45.0,129.0,1.0,-1,-1,-1
784,68,1127.0,623.0,45.0,129.0,1.0,-1,-1,-1
785,68,1127.0,624.0,45.0,129.0,1.0,-1,-1,-1
786,68,1127.0,622.0,45.0,130.0,1.0,-1,-1,-1
787,68,1127.0,622.0,45.0,129.0,1.0,-1,-1,-1
788,68,1127.0,622.0,45.0,129.0,1.0,-1,-1,-1
789,68,1127.0,622.0,45.0,130.0,1.0,-1,-1,-1
790,68,1127.0,622.0,45.0,131.0,1.0,-1,-1,-1
791,68,1127.0,622.0,45.0,131.0,1.0,-1,-1,-1
792,68,1127.0,623.0,45.0,131.0,1.0,-1,-1,-1
793,68,1127.0,622.0,45.0,130.0,1.0,-1,-1,-1
794,68,1127.0,621.0,45.0,130.0,1.0,-1,-1,-1
795,68,1127.0,621.0,45.0,131.0,1.0,-1,-1,-1
788,69,1.0,676.0,3.0,132.0,1.0,-1,-1,-1
789,69,1.0,675.0,5.0,133.0,1.0,-1,-1,-1
790,69,1.0,674.0,6.0,133.0,1.0,-1,-1,-1
791,69,1.0,674.0,7.0,132.0,1.0,-1,-1,-1
792,69,1.0,670.0,9.0,134.0,1.0,-1,-1,-1
793,69,1.0,669.0,10.0,133.0,1.0,-1,-1,-1
794,69,1.0,670.0,11.0,129.0,1.0,-1,-1,-1
795,69,1.0,667.0,13.0,130.0,1.0,-1,-1,-1
796,69,1.0,665.0,14.0,130.0,1.0,-1,-1,-1
797,69,1.0,664.0,16.0,127.0,1.0,-1,-1,-1
798,69,1.0,663.0,18.0,129.0,1.0,-1,-1,-1
799,69,1.0,662.0,20.0,129.0,1.0,-1,-1,-1
797,70,1126.0,620.0,46.0,131.0,1.0,-1,-1,-1
798,70,1126.0,620.0,46.0,131.0,1.0,-1,-1,-1
799,70,1127.0,621.0,45.0,131.0,1.0,-1,-1,-1
800,70,1126.0,623.0,45.0,130.0,1.0,-1,-1,-1
801,70,1126.0,625.0,46.0,128.0,1.0,-1,-1,-1
802,70,1126.0,624.0,46.0,127.0,1.0,-1,-1,-1
803,70,1127.0,625.0,45.0,129.0,1.0,-1,-1,-1
806,71,156.0,303.0,55.0,111.0,1.0,-1,-1,-1
807,71,158.0,302.0,54.0,111.0,1.0,-1,-1,-1
808,71,158.0,300.0,54.0,111.0,1.0,-1,-1,-1
809,71,159.0,299.0,54.0,112.0,1.0,-1,-1,-1
810,71,159.0,298.0,54.0,112.0,1.0,-1,-1,-1
816,72,881.0,310.0,58.0,104.0,1.0,-1,-1,-1
817,72,880.0,308.0,59.0,104.0,1.0,-1,-1,-1
818,72,879.0,307.0,60.0,104.0,1.0,-1,-1,-1
819,72,878.0,305.0,61.0,106.0,1.0,-1,-1,-1
820,72,879.0,306.0,59.0,105.0,1.0,-1,-1,-1
821,72,879.0,305.0,58.0,105.0,1.0,-1,-1,-1
822,72,878.0,304.0,58.0,106.0,1.0,-1,-1,-1
805,73,1126.0,625.0,46.0,128.0,1.0,-1,-1,-1
806,73,1126.0,626.0,46.0,127.0,1.0,-1,-1,-1
807,73,1126.0,626.0,46.0,128.0,1.0,-1,-1,-1
808,73,1126.0,626.0,46.0,128.0,1.0,-1,-1,-1
809,73,1126.0,626.0,46.0,128.0,1.0,-1,-1,-1
810,73,1126.0,626.0,46.0,128.0,1.0,-1,-1,-1
811,73,1126.0,626.0,46.0,128.0,1.0,-1,-1,-1
812,73,1125.0,625.0,47.0,128.0,1.0,-1,-1,-1
813,73,1125.0,627.0,47.0,127.0,1.0,-1,-1,-1
814,73,1125.0,624.0,47.0,129.0,1.0,-1,-1,-1
815,73,1126.0,623.0,46.0,129.0,1.0,-1,-1,-1
816,73,1126.0,622.0,45.0,129.0,1.0,-1,-1,-1
817,73,1125.0,622.0,47.0,129.0,1.0,-1,-1,-1
818,73,1125.0,622.0,47.0,128.0,1.0,-1,-1,-1
819,73,1126.0,622.0,46.0,128.0,1.0,-1,-1,-1
820,73,1125.0,623.0,47.0,128.0,1.0,-1,-1,-1
821,73,1126.0,625.0,46.0,128.0,1.0,-1,-1,-1
822,73,1126.0,624.0,46.0,128.0,1.0,-1,-1,-1
823,73,1125.0,624.0,47.0,129.0,1.0,-1,-1,-1
824,73,1126.0,624.0,46.0,128.0,1.0,-1,-1,-1
825,73,1126.0,624.0,46.0,128.0,1.0,-1,-1,-1
826,73,1125.0,624.0,47.0,128.0,1.0,-1,-1,-1
827,73,1124.0,623.0,48.0,128.0,1.0,-1,-1,-1
828,73,1125.0,624.0,47.0,128.0,1.0,-1,-1,-1
829,73,1125.0,623.0,47.0,129.0,1.0,-1,-1,-1
830,73,1125.0,623.0,47.0,128.0,1.0,-1,-1,-1
831,73,1124.0,623.0,48.0,127.0,1.0,-1,-1,-1
832,73,1125.0,623.0,47.0,127.0,1.0,-1,-1,-1
833,73,1125.0,623.0,47.0,127.0,1.0,-1,-1,-1
834,73,1125.0,624.0,47.0,127.0,1.0,-1,-1,-1
835,73,1126.0,624.0,45.0,128.0,1.0,-1,-1,-1
831,74,8.0,617.0,59.0,124.0,1.0,-1,-1,-1
832,74,10.0,617.0,60.0,124.0,1.0,-1,-1,-1
833,74,11.0,613.0,60.0,126.0,1.0,-1,-1,-1
834,74,13.0,610.0,59.0,127.0,1.0,-1,-1,-1
835,74,14.0,608.0,58.0,128.0,1.0,-1,-1,-1
836,74,15.0,606.0,58.0,128.0,1.0,-1,-1,-1
837,74,17.0,604.0,56.0,128.0,1.0,-1,-1,-1
838,74,18.0,603.0,56.0,128.0,1.0,-1,-1,-1
839,74,19.0,602.0,57.0,128.0,1.0,-1,-1,-1
837,75,1126.0,623.0,46.0,127.0,1.0,-1,-1,-1
838,75,1127.0,623.0,45.0,129.0,1.0,-1,-1,-1
839,75,1126.0,623.0,46.0,128.0,1.0,-1,-1,-1
840,75,1127.0,623.0,44.0,128.0,1.0,-1,-1,-1
841,75,1127.0,624.0,45.0,128.0,1.0,-1,-1,-1
842,75,1128.0,624.0,44.0,128.0,1.0,-1,-1,-1
843,75,1128.0,624.0,44.0,129.0,1.0,-1,-1,-1
846,76,1127.0,625.0,45.0,129.0,1.0,-1,-1,-1
847,76,1127.0,625.0,45.0,128.0,1.0,-1,-1,-1
848,76,1126.0,625.0,46.0,129.0,1.0,-1,-1,-1
849,76,1126.0,625.0,46.0,127.0,1.0,-1,-1,-1
850,76,1126.0,625.0,46.0,127.0,1.0,-1,-1,-1
851,76,1126.0,626.0,46.0,127.0,1.0,-1,-1,-1
852,76,1127.0,626.0,45.0,127.0,1.0,-1,-1,-1
853,76,1127.0,626.0,45.0,127.0,1.0,-1,-1,-1
854,76,1127.0,625.0,44.0,128.0,1.0,-1,-1,-1
855,76,1126.0,625.0,46.0,128.0,1.0,-1,-1,-1
856,76,1127.0,626.0,45.0,127.0,1.0,-1,-1,-1
857,76,1127.0,626.0,45.0,127.0,1.0,-1,-1,-1
858,76,1127.0,627.0,45.0,126.0,1.0,-1,-1,-1
859,76,1126.0,626.0,46.0,128.0,1.0,-1,-1,-1
860,76,1126.0,627.0,46.0,128.0,1.0,-1,-1,-1
861,76,1126.0,627.0,46.0,128.0,1.0,-1,-1,-1
862,76,1126.0,627.0,46.0,129.0,1.0,-1,-1,-1
863,76,1126.0,627.0,46.0,129.0,1.0,-1,-1,-1
864,76,1126.0,627.0,46.0,128.0,1.0,-1,-1,-1
865,76,1126.0,628.0,46.0,128.0,1.0,-1,-1,-1
866,76,1126.0,628.0,46.0,127.0,1.0,-1,-1,-1
868,77,1126.0,627.0,46.0,128.0,1.0,-1,-1,-1
869,77,1126.0,627.0,46.0,130.0,1.0,-1,-1,-1
870,77,1126.0,626.0,46.0,129.0,1.0,-1,-1,-1
871,77,1126.0,626.0,46.0,130.0,1.0,-1,-1,-1
872,77,1126.0,627.0,46.0,130.0,1.0,-1,-1,-1
873,77,1126.0,627.0,46.0,129.0,1.0,-1,-1,-1
874,77,1126.0,627.0,46.0,129.0,1.0,-1,-1,-1
875,77,1127.0,627.0,45.0,129.0,1.0,-1,-1,-1
876,77,1127.0,626.0,45.0,130.0,1.0,-1,-1,-1
877,77,1126.0,627.0,46.0,129.0,1.0,-1,-1,-1
878,77,1126.0,626.0,46.0,130.0,1.0,-1,-1,-1
879,77,1126.0,627.0,46.0,128.0,1.0,-1,-1,-1
880,77,1126.0,627.0,46.0,129.0,1.0,-1,-1,-1
881,77,1126.0,627.0,46.0,129.0,1.0,-1,-1,-1
882,77,1127.0,627.0,45.0,128.0,1.0,-1,-1,-1
883,77,1127.0,625.0,45.0,129.0,1.0,-1,-1,-1
885,78,1125.0,626.0,47.0,129.0,1.0,-1,-1,-1
886,78,1126.0,626.0,46.0,128.0,1.0,-1,-1,-1
887,78,1126.0,626.0,46.0,129.0,1.0,-1,-1,-1
888,78,1126.0,627.0,46.0,128.0,1.0,-1,-1,-1
889,78,1126.0,626.0,46.0,128.0,1.0,-1,-1,-1
890,78,1126.0,625.0,46.0,130.0,1.0,-1,-1,-1
891,78,1126.0,625.0,46.0,130.0,1.0,-1,-1,-1
892,78,1125.0,623.0,47.0,130.0,1.0,-1,-1,-1
893,78,1125.0,622.0,47.0,131.0,1.0,-1,-1,-1
894,78,1126.0,624.0,46.0,129.0,1.0,-1,-1,-1
895,78,1126.0,626.0,46.0,128.0,1.0,-1,-1,-1
896,78,1126.0,624.0,46.0,130.0,1.0,-1,-1,-1
897,78,1126.0,625.0,46.0,130.0,1.0,-1,-1,-1
898,78,1126.0,624.0,46.0,129.0,1.0,-1,-1,-1
899,78,1126.0,624.0,46.0,130.0,1.0,-1,-1,-1
900,78,1124.0,624.0,48.0,128.0,1.0,-1,-1,-1
901,78,1125.0,623.0,47.0,126.0,1.0,-1,-1,-1
902,78,1125.0,624.0,47.0,124.0,1.0,-1,-1,-1
903,78,1124.0,624.0,48.0,125.0,1.0,-1,-1,-1
904,78,1124.0,624.0,48.0,126.0,1.0,-1,-1,-1
905,78,1123.0,625.0,49.0,124.0,1.0,-1,-1,-1
906,78,1123.0,624.0,49.0,125.0,1.0,-1,-1,-1
907,78,1124.0,626.0,48.0,124.0,1.0,-1,-1,-1
908,78,1124.0,625.0,48.0,125.0,1.0,-1,-1,-1
909,78,1125.0,627.0,47.0,127.0,1.0,-1,-1,-1
910,78,1126.0,626.0,46.0,127.0,1.0,-1,-1,-1
911,78,1124.0,625.0,48.0,126.0,1.0,-1,-1,-1
912,78,1125.0,625.0,47.0,126.0,1.0,-1,-1,-1
913,78,1124.0,626.0,48.0,126.0,1.0,-1,-1,-1
914,78,1123.0,625.0,49.0,126.0,1.0,-1,-1,-1
915,78,1124.0,625.0,48.0,127.0,1.0,-1,-1,-1
916,78,1125.0,626.0,47.0,126.0,1.0,-1,-1,-1
917,78,1124.0,625.0,48.0,126.0,1.0,-1,-1,-1
918,78,1125.0,625.0,47.0,126.0,1.0,-1,-1,-1
919,78,1124.0,625.0,48.0,124.0,1.0,-1,-1,-1
920,78,1123.0,624.0,49.0,126.0,1.0,-1,-1,-1
921,78,1123.0,624.0,49.0,129.0,1.0,-1,-1,-1
927,79,1124.0,628.0,48.0,125.0,1.0,-1,-1,-1
928,79,1124.0,628.0,48.0,124.0,1.0,-1,-1,-1
929,79,1124.0,628.0,48.0,124.0,1.0,-1,-1,-1
930,79,1123.0,628.0,49.0,123.0,1.0,-1,-1,-1
931,79,1123.0,627.0,49.0,123.0,1.0,-1,-1,-1
932,79,1124.0,626.0,48.0,126.0,1.0,-1,-1,-1
940,80,1124.0,624.0,48.0,126.0,1.0,-1,-1,-1
941,80,1125.0,624.0,47.0,126.0,1.0,-1,-1,-1
942,80,1125.0,624.0,47.0,126.0,1.0,-1,-1,-1
943,80,1125.0,624.0,47.0,126.0,1.0,-1,-1,-1
944,80,1124.0,623.0,48.0,125.0,1.0,-1,-1,-1
945,80,1124.0,624.0,48.0,125.0,1.0,-1,-1,-1
948,81,1125.0,625.0,47.0,124.0,1.0,-1,-1,-1
949,81,1124.0,624.0,48.0,124.0,1.0,-1,-1,-1
950,81,1124.0,624.0,48.0,124.0,1.0,-1,-1,-1
951,81,1123.0,623.0,49.0,125.0,1.0,-1,-1,-1
952,81,1124.0,622.0,48.0,127.0,1.0,-1,-1,-1
953,81,1123.0,623.0,49.0,125.0,1.0,-1,-1,-1
954,81,1123.0,623.0,49.0,126.0,1.0,-1,-1,-1
955,81,1123.0,623.0,49.0,127.0,1.0,-1,-1,-1
956,81,1123.0,622.0,49.0,127.0,1.0,-1,-1,-1
957,81,1124.0,625.0,48.0,125.0,1.0,-1,-1,-1
964,82,1124.0,623.0,48.0,126.0,1.0,-1,-1,-1
965,82,1124.0,623.0,48.0,126.0,1.0,-1,-1,-1
966,82,1124.0,624.0,48.0,126.0,1.0,-1,-1,-1
967,82,1124.0,624.0,48.0,126.0,1.0,-1,-1,-1
968,82,1124.0,624.0,48.0,124.0,1.0,-1,-1,-1
988,83,1123.0,623.0,49.0,117.0,1.0,-1,-1,-1
989,83,1123.0,623.0,49.0,119.0,1.0,-1,-1,-1
990,83,1123.0,622.0,49.0,119.0,1.0,-1,-1,-1
991,83,1123.0,623.0,49.0,120.0,1.0,-1,-1,-1
992,83,1123.0,622.0,49.0,120.0,1.0,-1,-1,-1
993,83,1124.0,622.0,48.0,121.0,1.0,-1,-1,-1
1002,84,196.0,285.0,48.0,97.0,1.0,-1,-1,-1
1003,84,197.0,282.0,49.0,98.0,1.0,-1,-1,-1
1004,84,197.0,279.0,50.0,99.0,1.0,-1,-1,-1
1005,84,197.0,279.0,50.0,97.0,1.0,-1,-1,-1
1006,84,198.0,278.0,50.0,98.0,1.0,-1,-1,-1
1007,84,198.0,276.0,50.0,97.0,1.0,-1,-1,-1
1008,84,200.0,275.0,49.0,97.0,1.0,-1,-1,-1
1014,85,347.0,589.0,60.0,128.0,1.0,-1,-1,-1
1015,85,346.0,588.0,60.0,125.0,1.0,-1,-1,-1
1016,85,345.0,587.0,61.0,123.0,1.0,-1,-1,-1
1017,85,346.0,584.0,60.0,124.0,1.0,-1,-1,-1
1018,85,345.0,583.0,59.0,124.0,1.0,-1,-1,-1
1019,85,344.0,580.0,59.0,126.0,1.0,-1,-1,-1
1020,85,344.0,577.0,59.0,127.0,1.0,-1,-1,-1
1020,86,254.0,386.0,51.0,111.0,1.0,-1,-1,-1
1021,86,256.0,385.0,49.0,112.0,1.0,-1,-1,-1
1022,86,257.0,383.0,50.0,113.0,1.0,-1,-1,-1
1023,86,258.0,382.0,49.0,112.0,1.0,-1,-1,-1
1024,86,258.0,381.0,50.0,110.0,1.0,-1,-1,-1
1025,86,259.0,380.0,51.0,109.0,1.0,-1,-1,-1
1026,86,259.0,379.0,52.0,107.0,1.0,-1,-1,-1
1027,86,261.0,378.0,51.0,108.0,1.0,-1,-1,-1
1034,87,543.0,733.0,64.0,133.0,1.0,-1,-1,-1
1035,87,544.0,733.0,65.0,131.0,1.0,-1,-1,-1
1036,87,544.0,731.0,65.0,133.0,1.0,-1,-1,-1
1037,87,542.0,729.0,65.0,133.0,1.0,-1,-1,-1
1038,87,541.0,728.0,66.0,133.0,1.0,-1,-1,-1
1043,88,277.0,355.0,52.0,109.0,1.0,-1,-1,-1
1044,88,278.0,354.0,52.0,108.0,1.0,-1,-1,-1
1045,88,278.0,353.0,52.0,107.0,1.0,-1,-1,-1
1046,88,280.0,352.0,50.0,107.0,1.0,-1,-1,-1
1047,88,281.0,352.0,50.0,107.0,1.0,-1,-1,-1
1048,88,283.0,351.0,49.0,106.0,1.0,-1,-1,-1
1049,89,223.0,214.0,48.0,92.0,1.0,-1,-1,-1
1050,89,224.0,212.0,46.0,92.0,1.0,-1,-1,-1
1051,89,225.0,213.0,46.0,91.0,1.0,-1,-1,-1
1052,89,225.0,210.0,46.0,92.0,1.0,-1,-1,-1
1053,89,226.0,210.0,46.0,90.0,1.0,-1,-1,-1
1054,89,227.0,210.0,46.0,92.0,1.0,-1,-1,-1
1055,89,226.0,209.0,47.0,92.0,1.0,-1,-1,-1
1056,89,227.0,206.0,47.0,92.0,1.0,-1,-1,-1
1050,90,285.0,349.0,49.0,107.0,1.0,-1,-1,-1
1051,90,286.0,347.0,49.0,106.0,1.0,-1,-1,-1
1052,90,287.0,346.0,49.0,107.0,1.0,-1,-1,-1
1053,90,288.0,345.0,50.0,106.0,1.0,-1,-1,-1
1054,90,289.0,344.0,50.0,105.0,1.0,-1,-1,-1
1055,90,290.0,342.0,50.0,107.0,1.0,-1,-1,-1
1056,90,291.0,341.0,50.0,107.0,1.0,-1,-1,-1
1057,90,291.0,339.0,50.0,109.0,1.0,-1,-1,-1
1060,91,294.0,335.0,51.0,109.0,1.0,-1,-1,-1
1061,91,294.0,335.0,51.0,108.0,1.0,-1,-1,-1
1062,91,295.0,334.0,51.0,108.0,1.0,-1,-1,-1
1063,91,298.0,335.0,51.0,105.0,1.0,-1,-1,-1
1064,91,299.0,335.0,50.0,105.0,1.0,-1,-1,-1
1075,92,314.0,320.0,49.0,105.0,1.0,-1,-1,-1
1076,92,315.0,319.0,49.0,104.0,1.0,-1,-1,-1
1077,92,316.0,318.0,49.0,103.0,1.0,-1,-1,-1
1078,92,316.0,316.0,50.0,104.0,1.0,-1,-1,-1
1079,92,317.0,315.0,50.0,103.0,1.0,-1,-1,-1
1080,92,318.0,314.0,49.0,102.0,1.0,-1,-1,-1
1081,92,320.0,312.0,48.0,103.0,1.0,-1,-1,-1
1082,92,322.0,309.0,49.0,105.0,1.0,-1,-1,-1
1093,93,248.0,159.0,46.0,92.0,1.0,-1,-1,-1
1094,93,248.0,157.0,46.0,92.0,1.0,-1,-1,-1
1095,93,248.0,157.0,46.0,91.0,1.0,-1,-1,-1
1096,93,248.0,157.0,46.0,91.0,1.0,-1,-1,-1
1097,93,248.0,155.0,46.0,91.0,1.0,-1,-1,-1
1098,93,248.0,153.0,45.0,91.0,1.0,-1,-1,-1
1101,94,336.0,290.0,53.0,104.0,1.0,-1,-1,-1
1102,94,337.0,289.0,52.0,103.0,1.0,-1,-1,-1
1103,94,338.0,288.0,53.0,102.0,1.0,-1,-1,-1
1104,94,338.0,285.0,53.0,101.0,1.0,-1,-1,-1
1105,94,339.0,284.0,54.0,103.0,1.0,-1,-1,-1
1106,94,339.0,283.0,55.0,101.0,1.0,-1,-1,-1
1107,94,340.0,281.0,54.0,102.0,1.0,-1,-1,-1
1109,95,341.0,280.0,55.0,104.0,1.0,-1,-1,-1
1110,95,341.0,280.0,56.0,103.0,1.0,-1,-1,-1
1111,95,342.0,279.0,55.0,104.0,1.0,-1,-1,-1
1112,95,343.0,278.0,56.0,104.0,1.0,-1,-1,-1
1113,95,343.0,278.0,56.0,103.0,1.0,-1,-1,-1
1115,96,254.0,137.0,45.0,92.0,1.0,-1,-1,-1
1116,96,255.0,136.0,44.0,91.0,1.0,-1,-1,-1
1117,96,255.0,136.0,44.0,91.0,1.0,-1,-1,-1
1118,96,255.0,135.0,44.0,89.0,1.0,-1,-1,-1
1119,96,255.0,135.0,45.0,88.0,1.0,-1,-1,-1
1120,96,256.0,133.0,45.0,88.0,1.0,-1,-1,-1
1121,96,256.0,131.0,45.0,90.0,1.0,-1,-1,-1
1122,96,257.0,129.0,44.0,90.0,1.0,-1,-1,-1
1125,97,1125.0,589.0,47.0,125.0,1.0,-1,-1,-1
1126,97,1126.0,590.0,46.0,125.0,1.0,-1,-1,-1
1127,97,1126.0,590.0,46.0,127.0,1.0,-1,-1,-1
1128,97,1126.0,590.0,46.0,125.0,1.0,-1,-1,-1
1129,97,1126.0,590.0,46.0,125.0,1.0,-1,-1,-1
1130,97,1126.0,589.0,46.0,128.0,1.0,-1,-1,-1
1137,98,839.0,405.0,48.0,112.0,1.0,-1,-1,-1
1138,98,839.0,404.0,47.0,112.0,1.0,-1,-1,-1
1139,98,837.0,404.0,49.0,112.0,1.0,-1,-1,-1
1140,98,837.0,403.0,48.0,112.0,1.0,-1,-1,-1
1141,98,836.0,401.0,47.0,115.0,1.0,-1,-1,-1
1147,99,1125.0,588.0,47.0,124.0,1.0,-1,-1,-1
1148,99,1125.0,589.0,47.0,124.0,1.0,-1,-1,-1
1149,99,1125.0,589.0,47.0,124.0,1.0,-1,-1,-1
1150,99,1124.0,590.0,48.0,123.0,1.0,-1,-1,-1
1151,99,1125.0,590.0,47.0,123.0,1.0,-1,-1,-1
1152,99,1125.0,589.0,47.0,123.0,1.0,-1,-1,-1
1153,99,1125.0,589.0,47.0,124.0,1.0,-1,-1,-1
1140,100,369.0,250.0,52.0,102.0,1.0,-1,-1,-1
1141,100,370.0,250.0,52.0,100.0,1.0,-1,-1,-1
1142,100,371.0,248.0,52.0,103.0,1.0,-1,-1,-1
1143,100,371.0,247.0,53.0,102.0,1.0,-1,-1,-1
1144,100,372.0,246.0,52.0,103.0,1.0,-1,-1,-1
1145,100,372.0,244.0,52.0,104.0,1.0,-1,-1,-1
1146,100,372.0,243.0,52.0,103.0,1.0,-1,-1,-1
1147,100,373.0,243.0,52.0,99.0,1.0,-1,-1,-1
1148,100,374.0,243.0,51.0,100.0,1.0,-1,-1,-1
1149,100,374.0,243.0,52.0,102.0,1.0,-1,-1,-1
1150,100,374.0,242.0,53.0,99.0,1.0,-1,-1,-1
1151,100,375.0,242.0,52.0,99.0,1.0,-1,-1,-1
1152,100,376.0,241.0,51.0,98.0,1.0,-1,-1,-1
1153,100,376.0,239.0,51.0,98.0,1.0,-1,-1,-1
1154,100,376.0,239.0,52.0,98.0,1.0,-1,-1,-1
1155,100,376.0,237.0,53.0,100.0,1.0,-1,-1,-1
1156,100,378.0,235.0,51.0,100.0,1.0,-1,-1,-1
1157,100,379.0,233.0,51.0,101.0,1.0,-1,-1,-1
1158,100,379.0,232.0,52.0,100.0,1.0,-1,-1,-1
1159,100,379.0,232.0,53.0,100.0,1.0,-1,-1,-1
1160,100,381.0,231.0,53.0,101.0,1.0,-1,-1,-1
1161,100,381.0,230.0,53.0,101.0,1.0,-1,-1,-1
1162,100,382.0,229.0,52.0,101.0,1.0,-1,-1,-1
1163,100,383.0,228.0,52.0,101.0,1.0,-1,-1,-1
1164,100,384.0,228.0,52.0,100.0,1.0,-1,-1,-1
1165,100,385.0,229.0,51.0,100.0,1.0,-1,-1,-1
1166,100,386.0,228.0,51.0,100.0,1.0,-1,-1,-1
1167,100,387.0,227.0,49.0,99.0,1.0,-1,-1,-1
1168,100,388.0,226.0,51.0,101.0,1.0,-1,-1,-1
1169,100,389.0,224.0,50.0,102.0,1.0,-1,-1,-1
1162,101,1123.0,590.0,49.0,124.0,1.0,-1,-1,-1
1163,101,1124.0,590.0,48.0,125.0,1.0,-1,-1,-1
1164,101,1124.0,590.0,48.0,125.0,1.0,-1,-1,-1
1165,101,1124.0,590.0,48.0,123.0,1.0,-1,-1,-1
1166,101,1124.0,590.0,48.0,123.0,1.0,-1,-1,-1
1167,101,1125.0,589.0,47.0,125.0,1.0,-1,-1,-1
1168,101,1125.0,590.0,47.0,125.0,1.0,-1,-1,-1
1169,101,1125.0,590.0,47.0,124.0,1.0,-1,-1,-1
1170,101,1125.0,591.0,47.0,124.0,1.0,-1,-1,-1
1171,101,1125.0,590.0,47.0,125.0,1.0,-1,-1,-1
1172,101,1125.0,590.0,47.0,126.0,1.0,-1,-1,-1
1184,102,397.0,213.0,50.0,98.0,1.0,-1,-1,-1
1185,102,397.0,212.0,51.0,98.0,1.0,-1,-1,-1
1186,102,398.0,212.0,49.0,97.0,1.0,-1,-1,-1
1187,102,398.0,211.0,50.0,97.0,1.0,-1,-1,-1
1188,102,398.0,211.0,50.0,97.0,1.0,-1,-1,-1
1206,103,1126.0,589.0,46.0,133.0,1.0,-1,-1,-1
1207,103,1126.0,589.0,46.0,134.0,1.0,-1,-1,-1
1208,103,1126.0,589.0,46.0,135.0,1.0,-1,-1,-1
1209,103,1126.0,590.0,46.0,137.0,1.0,-1,-1,-1
1210,103,1125.0,590.0,47.0,136.0,1.0,-1,-1,-1
1211,103,1126.0,589.0,46.0,137.0,1.0,-1,-1,-1
1212,103,1125.0,589.0,47.0,136.0,1.0,-1,-1,-1
1213,103,1126.0,590.0,46.0,137.0,1.0,-1,-1,-1
1214,103,1126.0,590.0,46.0,137.0,1.0,-1,-1,-1
1215,103,1125.0,589.0,47.0,139.0,1.0,-1,-1,-1
1318,104,323.0,746.0,65.0,131.0,1.0,-1,-1,-1
1319,104,322.0,744.0,64.0,135.0,1.0,-1,-1,-1
1320,104,321.0,741.0,65.0,137.0,1.0,-1,-1,-1
1321,104,321.0,739.0,65.0,139.0,1.0,-1,-1,-1
1322,104,319.0,737.0,67.0,141.0,1.0,-1,-1,-1
1323,104,320.0,735.0,66.0,142.0,1.0,-1,-1,-1
1324,104,320.0,734.0,65.0,142.0,1.0,-1,-1,-1
1328,105,11.0,320.0,53.0,115.0,1.0,-1,-1,-1
1329,105,12.0,317.0,53.0,116.0,1.0,-1,-1,-1
1330,105,12.0,315.0,53.0,116.0,1.0,-1,-1,-1
1331,105,12.0,313.0,54.0,117.0,1.0,-1,-1,-1
1332,105,11.0,312.0,56.0,118.0,1.0,-1,-1,-1
1333,105,13.0,311.0,55.0,118.0,1.0,-1,-1,-1
1334,105,13.0,310.0,56.0,117.0,1.0,-1,-1,-1
1335,105,14.0,309.0,55.0,117.0,1.0,-1,-1,-1
1336,105,15.0,308.0,55.0,117.0,1.0,-1,-1,-1
1343,106,675.0,764.0,73.0,115.0,1.0,-1,-1,-1
1344,106,675.0,763.0,72.0,116.0,1.0,-1,-1,-1
1345,106,673.0,759.0,72.0,120.0,1.0,-1,-1,-1
1346,106,673.0,758.0,71.0,121.0,1.0,-1,-1,-1
1347,106,672.0,756.0,70.0,123.0,1.0,-1,-1,-1
1348,106,670.0,754.0,71.0,125.0,1.0,-1,-1,-1
1349,106,670.0,752.0,69.0,127.0,1.0,-1,-1,-1
1470,107,123.0,774.0,60.0,105.0,1.0,-1,-1,-1
1471,107,123.0,774.0,60.0,105.0,1.0,-1,-1,-1
1472,107,123.0,774.0,59.0,105.0,1.0,-1,-1,-1
1473,107,122.0,774.0,61.0,105.0,1.0,-1,-1,-1
1474,107,123.0,774.0,60.0,105.0,1.0,-1,-1,-1
1470,108,1128.0,558.0,44.0,138.0,1.0,-1,-1,-1
1471,108,1127.0,556.0,45.0,139.0,1.0,-1,-1,-1
1472,108,1128.0,558.0,44.0,140.0,1.0,-1,-1,-1
1473,108,1128.0,557.0,44.0,139.0,1.0,-1,-1,-1
1474,108,1127.0,556.0,45.0,140.0,1.0,-1,-1,-1
1496,109,122.0,777.0,59.0,102.0,1.0,-1,-1,-1
1497,109,121.0,777.0,60.0,102.0,1.0,-1,-1,-1
1498,109,121.0,776.0,60.0,103.0,1.0,-1,-1,-1
1499,109,121.0,776.0,60.0,103.0,1.0,-1,-1,-1
1500,109,120.0,777.0,60.0,102.0,1.0,-1,-1,-1
1501,109,121.0,775.0,60.0,104.0,1.0,-1,-1,-1
1502,109,121.0,775.0,60.0,104.0,1.0,-1,-1,-1
1503,109,122.0,776.0,60.0,103.0,1.0,-1,-1,-1
1504,109,121.0,776.0,60.0,103.0,1.0,-1,-1,-1
1665,110,134.0,750.0,58.0,129.0,1.0,-1,-1,-1
1666,110,135.0,750.0,57.0,129.0,1.0,-1,-1,-1
1667,110,135.0,749.0,57.0,130.0,1.0,-1,-1,-1
1668,110,134.0,749.0,57.0,130.0,1.0,-1,-1,-1
1669,110,134.0,749.0,58.0,130.0,1.0,-1,-1,-1
1670,110,134.0,749.0,58.0,130.0,1.0,-1,-1,-1
1671,110,134.0,749.0,58.0,130.0,1.0,-1,-1,-1
1672,110,134.0,750.0,58.0,129.0,1.0,-1,-1,-1
1673,110,134.0,750.0,57.0,129.0,1.0,-1,-1,-1
1674,110,135.0,751.0,57.0,128.0,1.0,-1,-1,-1
1836,111,755.0,747.0,75.0,132.0,1.0,-1,-1,-1
1837,111,754.0,745.0,73.0,134.0,1.0,-1,-1,-1
1838,111,752.0,742.0,75.0,137.0,1.0,-1,-1,-1
1839,111,751.0,740.0,75.0,139.0,1.0,-1,-1,-1
1840,111,748.0,738.0,77.0,141.0,1.0,-1,-1,-1
1841,111,746.0,734.0,78.0,143.0,1.0,-1,-1,-1
1843,112,745.0,731.0,79.0,145.0,1.0,-1,-1,-1
1844,112,744.0,730.0,80.0,144.0,1.0,-1,-1,-1
1845,112,745.0,730.0,79.0,143.0,1.0,-1,-1,-1
1846,112,743.0,728.0,80.0,143.0,1.0,-1,-1,-1
1847,112,744.0,727.0,77.0,147.0,1.0,-1,-1,-1
1848,112,743.0,728.0,78.0,145.0,1.0,-1,-1,-1
1849,112,742.0,726.0,79.0,145.0,1.0,-1,-1,-1
1851,113,741.0,723.0,79.0,144.0,1.0,-1,-1,-1
1852,113,741.0,720.0,77.0,143.0,1.0,-1,-1,-1
1853,113,740.0,718.0,78.0,143.0,1.0,-1,-1,-1
1854,113,740.0,715.0,78.0,146.0,1.0,-1,-1,-1
1855,113,739.0,713.0,75.0,147.0,1.0,-1,-1,-1
1856,113,737.0,709.0,77.0,151.0,1.0,-1,-1,-1
1857,113,736.0,707.0,76.0,152.0,1.0,-1,-1,-1
1858,113,734.0,707.0,77.0,150.0,1.0,-1,-1,-1
1859,113,733.0,706.0,77.0,152.0,1.0,-1,-1,-1
1860,113,731.0,705.0,78.0,152.0,1.0,-1,-1,-1
1861,113,729.0,704.0,77.0,150.0,1.0,-1,-1,-1
1862,113,728.0,702.0,78.0,151.0,1.0,-1,-1,-1
1863,113,726.0,700.0,78.0,149.0,1.0,-1,-1,-1
1864,113,724.0,699.0,79.0,148.0,1.0,-1,-1,-1
1865,113,723.0,697.0,78.0,148.0,1.0,-1,-1,-1
1866,113,720.0,695.0,81.0,148.0,1.0,-1,-1,-1
1867,113,719.0,692.0,80.0,149.0,1.0,-1,-1,-1
1868,113,717.0,691.0,80.0,149.0,1.0,-1,-1,-1
1869,113,716.0,690.0,80.0,149.0,1.0,-1,-1,-1
1870,113,716.0,689.0,78.0,148.0,1.0,-1,-1,-1
1871,113,716.0,686.0,76.0,148.0,1.0,-1,-1,-1
1872,113,715.0,686.0,76.0,149.0,1.0,-1,-1,-1
1873,113,714.0,686.0,77.0,148.0,1.0,-1,-1,-1
1894,114,690.0,642.0,77.0,150.0,1.0,-1,-1,-1
1895,114,689.0,641.0,80.0,150.0,1.0,-1,-1,-1
1896,114,687.0,638.0,82.0,149.0,1.0,-1,-1,-1
1897,114,687.0,637.0,83.0,147.0,1.0,-1,-1,-1
1898,114,687.0,636.0,82.0,148.0,1.0,-1,-1,-1
1899,114,687.0,636.0,81.0,149.0,1.0,-1,-1,-1
1900,114,685.0,635.0,82.0,148.0,1.0,-1,-1,-1
1901,114,685.0,634.0,82.0,147.0,1.0,-1,-1,-1
1902,114,684.0,632.0,83.0,146.0,1.0,-1,-1,-1
1903,114,683.0,630.0,82.0,145.0,1.0,-1,-1,-1
1904,114,683.0,629.0,79.0,142.0,1.0,-1,-1,-1
1910,115,677.0,618.0,77.0,144.0,1.0,-1,-1,-1
1911,115,677.0,615.0,75.0,144.0,1.0,-1,-1,-1
1912,115,675.0,615.0,76.0,143.0,1.0,-1,-1,-1
1913,115,673.0,613.0,78.0,142.0,1.0,-1,-1,-1
1914,115,672.0,613.0,77.0,142.0,1.0,-1,-1,-1
1915,115,672.0,612.0,75.0,141.0,1.0,-1,-1,-1
1916,115,670.0,610.0,74.0,140.0,1.0,-1,-1,-1
1917,115,668.0,608.0,74.0,142.0,1.0,-1,-1,-1
1918,115,667.0,607.0,73.0,141.0,1.0,-1,-1,-1
1919,115,665.0,605.0,73.0,143.0,1.0,-1,-1,-1
1920,115,663.0,604.0,74.0,142.0,1.0,-1,-1,-1
1921,115,662.0,603.0,74.0,140.0,1.0,-1,-1,-1
1922,115,661.0,601.0,75.0,141.0,1.0,-1,-1,-1
1923,115,661.0,600.0,75.0,142.0,1.0,-1,-1,-1
1924,115,659.0,600.0,76.0,141.0,1.0,-1,-1,-1
1925,115,661.0,598.0,75.0,142.0,1.0,-1,-1,-1
1926,115,660.0,599.0,75.0,140.0,1.0,-1,-1,-1
2100,116,190.0,647.0,56.0,127.0,1.0,-1,-1,-1
2101,116,190.0,647.0,55.0,125.0,1.0,-1,-1,-1
2102,116,190.0,646.0,56.0,125.0,1.0,-1,-1,-1
2103,116,190.0,646.0,54.0,124.0,1.0,-1,-1,-1
2104,116,189.0,646.0,55.0,125.0,1.0,-1,-1,-1
